1	1598414	1598580	167
1	2041460	2041556	97
1	2911537	2911850	314
1	2919032	2919366	335
1	7570072	7571526	1455
1	9595643	9597706	2064
1	10482481	10483779	1299
1	11682894	11683189	296
1	19151770	19152035	266
1	21786419	21786690	272
1	25158688	25161509	2822
1	26489813	26490138	326
1	27935352	27935513	162
1	28247800	28248108	309
1	31575066	31577331	2266
1	35101422	35111976	10555
1	35627128	35627448	321
1	37816474	37816715	242
1	37816474	37816722	249
1	38208245	38208408	164
1	39998238	40001292	3055
1	42743178	42743492	315
1	43857456	43857791	336
1	45417623	45417934	312
1	46207287	46207598	312
1	46234605	46234658	54
1	46366108	46366436	329
1	55334338	55334389	52
1	56401283	56401603	321
1	56831107	56834961	3855
1	56887703	56888019	317
1	57242608	57242946	339
1	58343212	58343535	324
1	58743910	58744822	913
1	60048637	60049661	1025
1	62390587	62390935	349
1	63151820	63152158	339
1	63705357	63708146	2790
1	64943617	64958061	14445
1	66024174	66030267	6094
1	66263910	66264242	333
1	67201205	67201536	332
1	68007959	68008816	858
1	69806993	69807311	319
1	69943716	69944021	306
1	70768112	70768434	323
1	70946190	70946520	331
1	71741320	71741629	310
1	72766324	72811839	45516
1	73753601	73753915	315
1	73768784	73769134	351
1	74312432	74312682	251
1	74755168	74755289	122
1	75148235	75148292	58
1	76011866	76012195	330
1	77100367	77100649	283
1	77240062	77240138	77
1	79401509	79401830	322
1	80114173	80114489	317
1	81404758	81410948	6191
1	81687785	81688113	329
1	82963292	82963615	324
1	83042645	83042964	320
1	83125977	83127601	1625
1	84517926	84524629	6704
1	85748621	85748950	330
1	86405791	86406118	328
1	86740981	86741697	717
1	88873547	88873598	52
1	89475909	89478624	2716
1	91624772	91625054	283
1	91914096	91914550	455
1	92232062	92233333	1272
1	92681353	92681405	53
1	94288373	94291256	2884
1	99179942	99180049	108
1	101724122	101724207	86
1	103047679	103048008	330
1	103096066	103096384	319
1	105218645	105219456	812
1	105428310	105428639	330
1	105866771	105867044	274
1	106969623	106969788	166
1	108402972	108405484	2513
1	108733325	108737251	3927
1	109573232	109575180	1949
1	109597720	109598050	331
1	110187160	110191395	4236
1	112074694	112074805	112
1	112835088	112837665	2578
1	114039828	114045877	6050
1	115796889	115797172	284
1	116229484	116232840	3357
1	117002162	117002292	131
1	118091037	118091258	222
1	120675959	120676674	716
1	142727449	142728072	624
1	144901180	144906809	5630
1	149714450	149718286	3837
1	150691436	150691769	334
1	152555543	152587740	32198
1	153133707	153133963	257
1	156526705	156528935	2231
1	157018861	157019250	390
1	158867534	158870025	2492
1	158961352	158966201	4850
1	159648708	159649657	950
1	160935021	160935336	316
1	162052666	162052985	320
1	165731210	165731489	280
1	168024560	168025732	1173
1	171783587	171783649	63
1	175091593	175091646	54
1	176478218	176478773	556
1	180183832	180184150	319
1	180292990	180293313	324
1	180749769	180755393	5625
1	182289325	182289636	312
1	184814729	184820784	6056
1	184937038	184937359	322
1	185009802	185011733	1932
1	185373097	185373434	338
1	187716105	187722532	6428
1	188207882	188208102	221
1	188539455	188540229	775
1	188994949	188995283	335
1	190837320	190837490	171
1	193235431	193235657	227
1	194060079	194060242	164
1	194517608	194517867	260
1	197500509	197503271	2763
1	197894019	197894314	296
1	198461775	198461882	108
1	199438727	199440233	1507
1	202427248	202427535	288
1	207292363	207293195	833
1	207541964	207545564	3601
1	208862789	208862852	64
1	212471136	212472616	1481
1	214770104	214770439	336
1	217269958	217270023	66
1	217754075	217754377	303
1	218082664	218082897	234
1	218182489	218188594	6106
1	218245629	218246489	861
1	218785914	218786233	320
1	220226025	220226107	83
1	222034144	222034475	332
1	222374166	222380539	6374
1	224247103	224247578	476
1	224392822	224393134	313
1	225256532	225256801	270
1	225344402	225344715	314
1	227166204	227166447	244
1	228024094	228024405	312
1	228572161	228572489	329
1	228814806	228815141	336
1	229373389	229373784	396
1	229812534	229820836	8303
1	229910519	229910590	72
1	232423119	232423446	328
1	232775530	232775843	314
1	232836575	232836759	185
1	233865140	233865470	331
1	233962190	233963569	1380
1	234318645	234319747	1103
1	234587203	234587512	310
1	235537066	235538337	1272
1	236054576	236054913	338
1	236279281	236279829	549
1	236549087	236551329	2243
1	236594926	236595250	325
1	240302570	240302663	94
1	240616991	240617314	324
1	240641207	240641608	402
1	241149857	241150181	325
1	241186304	241186427	124
1	241360538	241360852	315
1	241586226	241586488	263
1	242860265	242860346	82
1	243127772	243129211	1440
1	243782746	243783763	1018
1	245077582	245077697	116
1	246125965	246126155	191
1	246155873	246156296	424
1	246167282	246167379	98
1	246969897	246969989	93
1	247027879	247028188	310
1	247536759	247536953	195
1	247850463	247856515	6053
1	247959050	247959103	54
1	248051479	248057638	6160
1	248849862	248850138	277
2	1358010	1358452	443
2	1623132	1623436	305
2	2726302	2726581	280
2	2798773	2799242	470
2	3885213	3885333	121
2	4781292	4787356	6065
2	5209177	5209502	326
2	5487769	5488035	267
2	6660507	6660567	61
2	8616795	8617101	307
2	11248607	11248971	365
2	11428780	11428861	82
2	11474753	11475104	352
2	11520574	11520853	280
2	14704170	14710116	5947
2	16271568	16273799	2232
2	18570344	18570446	103
2	18574231	18574524	294
2	18906147	18907348	1202
2	22688474	22689983	1510
2	25227621	25227935	315
2	28353921	28354247	327
2	28661665	28661718	54
2	29999224	29999299	76
2	30303126	30303272	147
2	33224463	33227292	2830
2	34523655	34525719	2065
2	34643631	34643937	307
2	34695830	34736567	40738
2	34797610	34801576	3967
2	35772266	35772319	54
2	35975985	35997142	21158
2	36732451	36732704	254
2	36955661	36955976	316
2	38040911	38040967	57
2	40446947	40447073	127
2	40882495	40882558	64
2	40978140	40978471	332
2	41973142	41975865	2724
2	42346260	42347318	1059
2	43129249	43129579	331
2	44783588	44783908	321
2	46910133	46910448	316
2	48781836	48784867	3032
2	48990527	48991164	638
2	49561482	49561626	145
2	49612883	49613205	323
2	51926585	51927767	1183
2	51973824	51974240	417
2	52749687	52785270	35584
2	54565494	54567473	1980
2	54693479	54693742	264
2	56083527	56083843	317
2	57342730	57343056	327
2	59623257	59631048	7792
2	65333803	65341695	7893
2	65807510	65807819	310
2	66505590	66507553	1964
2	70125045	70125565	521
2	73430932	73431243	312
2	74511277	74511606	330
2	75932641	75932710	70
2	76526499	76528893	2395
2	76557057	76557290	234
2	76773554	76775452	1899
2	78117891	78118357	467
2	78748487	78748630	144
2	79057648	79057983	336
2	79076571	79081206	4636
2	82340446	82340765	320
2	83375262	83375623	362
2	84758441	84758733	293
2	85326971	85327277	307
2	85519106	85519442	337
2	85939148	85939372	225
2	88320969	88321215	247
2	88429845	88429942	98
2	88600817	88601142	326
2	89029229	89032282	3054
2	91679897	91685488	5592
2	97854245	97856134	1890
2	99752965	99753300	336
2	101975204	101975536	333
2	102097839	102098165	327
2	102232582	102233587	1006
2	103322484	103322818	335
2	104186941	104187136	196
2	106695078	106695894	817
2	108855419	108856281	863
2	109310554	109312109	1556
2	109689901	109695214	5314
2	109815790	109816305	516
2	111576405	111576636	232
2	116662077	116662656	580
2	117893051	117893389	339
2	118906129	118906281	153
2	119713987	119714124	138
2	120417198	120418495	1298
2	121797806	121798399	594
2	123364879	123365376	498
2	123783290	123783518	229
2	123989135	123989464	330
2	124170257	124170586	330
2	125766561	125768247	1687
2	126443247	126451831	8585
2	126509712	126510598	887
2	127674757	127677272	2516
2	128737073	128737162	90
2	128871260	128871569	310
2	129355930	129356256	327
2	129638420	129646203	7784
2	130242245	130251408	9164
2	130954930	130957403	2474
2	132534465	132534926	462
2	133671859	133674492	2634
2	134460265	134460571	307
2	134544275	134544606	332
2	134966701	134970130	3430
2	138245289	138245632	344
2	142350999	142351323	325
2	142396138	142396579	442
2	146842402	146842549	148
2	146862620	146876862	14243
2	150626971	150627291	321
2	150759301	150759621	321
2	151031139	151038246	7108
2	151817481	151817552	72
2	151903084	151903359	276
2	152041205	152041492	288
2	152617289	152617603	315
2	154494936	154495152	217
2	156188113	156188294	182
2	156385367	156385429	63
2	156656757	156656860	104
2	157077112	157077334	223
2	157272376	157272555	180
2	158433338	158433666	329
2	158719086	158719396	311
2	159959720	159961279	1560
2	160140079	160140174	96
2	160149118	160151648	2531
2	160855852	160856174	323
2	161795601	161795924	324
2	163666409	163666723	315
2	166267509	166267831	323
2	168895807	168896126	320
2	169395463	169395774	312
2	169606132	169606207	76
2	170105116	170111162	6047
2	170641508	170643951	2444
2	170992013	170992321	309
2	173148039	173148099	61
2	173179997	173186134	6138
2	176637487	176637816	330
2	177265642	177272040	6399
2	178287638	178288061	424
2	182355972	182356286	315
2	182565241	182565568	328
2	182856915	182857597	683
2	183354710	183354784	75
2	184085522	184090946	5425
2	184249967	184250309	343
2	184546948	184547086	139
2	187437115	187437308	194
2	188215719	188216025	307
2	193355405	193355708	304
2	194689502	194698765	9264
2	195477627	195477734	108
2	196031310	196031614	305
2	196051815	196052084	270
2	196214815	196215226	412
2	197614617	197614948	332
2	200312456	200312679	224
2	200530386	200530479	94
2	204181663	204191733	10071
2	205185254	205185318	65
2	206731183	206731505	323
2	208351134	208359386	8253
2	208474483	208476784	2302
2	208567225	208567529	305
2	208959108	208959450	343
2	209061158	209061477	320
2	209451718	209452044	327
2	212551246	212551542	297
2	212700044	212700116	73
2	213530330	213530467	138
2	213574672	213574977	306
2	214507331	214507569	239
2	214775205	214775511	307
2	215728762	215730831	2070
2	215749625	215749807	183
2	217089931	217092498	2568
2	217092787	217093111	325
2	217158309	217158727	419
2	217955892	217957266	1375
2	221345900	221346253	354
2	221882975	221883170	196
2	223481691	223481979	289
2	223760179	223762671	2493
2	223797359	223797675	317
2	223964960	223965055	96
2	226039584	226040060	477
2	227681548	227681718	171
2	229949563	229949659	97
2	231325295	231325637	343
2	231996177	231996500	324
2	233332719	233333480	762
2	233668372	233668676	305
2	233764771	233765484	714
2	236010926	236011112	187
2	236094669	236094997	329
2	239409372	239409697	326
2	240958940	240959261	322
3	228772	234404	5633
3	982598	982931	334
3	2311586	2311934	349
3	2633027	2633347	321
3	3723307	3723381	75
3	3873205	3873533	329
3	4066925	4069555	2631
3	6700871	6701253	383
3	7347025	7347322	298
3	8325639	8326811	1173
3	10397457	10397805	349
3	10549594	10549645	52
3	11108285	11111883	3599
3	13141434	13142582	1149
3	16239409	16241209	1801
3	17731683	17732007	325
3	18729954	18730778	825
3	20011444	20011544	101
3	21457498	21457820	323
3	21723706	21725966	2261
3	22092348	22097795	5448
3	23764058	23764387	330
3	24090787	24091042	256
3	24819511	24819835	325
3	25030888	25032249	1362
3	26123847	26123975	129
3	26450970	26452298	1329
3	26469887	26469982	96
3	26786706	26787025	320
3	32102051	32107883	5833
3	32806747	32808061	1315
3	32940758	32940854	97
3	33300940	33301247	308
3	33553189	33554075	887
3	33822680	33822812	133
3	36108124	36108441	318
3	41336681	41337229	549
3	42838357	42840810	2454
3	43031093	43031420	328
3	45609887	45610302	416
3	45768352	45768676	325
3	45831051	45831105	55
3	46045873	46046129	257
3	47490668	47493440	2773
3	49494277	49494605	329
3	53069164	53069275	112
3	55358446	55358539	94
3	56604700	56604955	256
3	61475049	61475371	323
3	65188870	65214748	25879
3	67493696	67496799	3104
3	68634771	68640253	5483
3	68739683	68747858	8176
3	70415106	70415440	335
3	71242338	71242638	301
3	73063078	73063554	477
3	74765413	74765735	323
3	74789871	74789946	76
3	78779419	78779718	300
3	80925312	80926604	1293
3	81346066	81346380	315
3	81907493	81907812	320
3	82936657	82936957	301
3	83853116	83855349	2234
3	87482522	87482606	85
3	89509965	89516006	6042
3	95116193	95116522	330
3	98899064	98902432	3369
3	98943804	98949515	5712
3	99037446	99037757	312
3	99628783	99629631	849
3	99785351	99785656	306
3	100521630	100522507	878
3	101188370	101188692	323
3	102283775	102284112	338
3	102810350	102810663	314
3	103547913	103548231	319
3	104278200	104279046	847
3	104416308	104416445	138
3	106735978	106736232	255
3	106813626	106813789	164
3	109743997	109744064	68
3	110256978	110257259	282
3	111243621	111248925	5305
3	112467383	112467712	330
3	113854022	113854347	326
3	114466475	114466798	324
3	116275272	116275595	324
3	118281605	118281828	224
3	119893984	119894443	460
3	122138443	122138768	326
3	124890050	124890819	770
3	124936296	124937163	868
3	126089985	126090050	66
3	126358923	126359249	327
3	127027719	127027877	159
3	129184468	129184777	310
3	129763381	129806745	43365
3	129912684	129912999	316
3	130132025	130132904	880
3	131495078	131495134	57
3	131677802	131678143	342
3	131708254	131713384	5131
3	133503767	133505082	1316
3	133849759	133849816	58
3	134673903	134674555	653
3	136021014	136026199	5186
3	137314455	137316442	1988
3	139425868	139425926	59
3	140193795	140194014	220
3	140621383	140622359	977
3	144517871	144518442	572
3	144888450	144888910	461
3	145146470	145146971	502
3	145931899	145932210	312
3	146385189	146394861	9673
3	148281435	148285419	3985
3	148566793	148567110	318
3	148729873	148730104	232
3	148797250	148797304	55
3	148844373	148844700	328
3	149878066	149878375	310
3	151503209	151503269	61
3	152311724	152313155	1432
3	154096748	154097089	342
3	155410958	155411282	325
3	156092171	156093691	1521
3	158116902	158117244	343
3	158350740	158351911	1172
3	159257022	159257690	669
3	159461352	159463432	2081
3	161246713	161247047	335
3	161635512	161635691	180
3	162308607	162308866	260
3	162408297	162408612	316
3	162448966	162449835	870
3	162512134	162626334	114201
3	162717307	162723554	6248
3	162764902	162769084	4183
3	163464168	163464473	306
3	168515945	168516023	79
3	168738455	168738835	381
3	170119565	170119877	313
3	172400896	172401217	322
3	177294510	177297473	2964
3	177381316	177385413	4098
3	177896496	177896554	59
3	178550130	178550871	742
3	179398610	179398798	189
3	179654340	179654804	465
3	180918064	180918791	728
3	183876816	183877403	588
3	184125373	184125568	196
3	185017329	185017653	325
3	186581016	186585284	4269
3	187732825	187734762	1938
3	188304832	188305164	333
3	189575895	189576216	322
3	189737344	189740524	3181
3	189955409	189955709	301
3	189995602	189995669	68
3	190290640	190290936	297
3	190478459	190478634	176
3	190669798	190670120	323
3	191141010	191141067	58
3	191856086	191856423	338
3	192063182	192063491	310
3	192875330	192885405	10076
3	194384086	194384477	392
3	194398683	194400290	1608
3	194543291	194546256	2966
3	194555651	194556280	630
3	194614727	194615042	316
3	195569217	195569932	716
3	196055918	196056846	929
3	196390101	196390154	54
3	196934574	196939255	4682
4	401040	401369	330
4	752270	753746	1477
4	1086778	1086827	50
4	1373550	1373663	114
4	1385457	1385532	76
4	1559330	1559477	148
4	2397849	2398502	654
4	2550351	2551291	941
4	6651590	6652910	1321
4	6894838	6896047	1210
4	6897350	6900398	3049
4	7524424	7524667	244
4	7567562	7567917	356
4	7768257	7768327	71
4	9573063	9573170	108
4	9576978	9577448	471
4	9688911	9688981	71
4	9952291	9952540	250
4	9956825	9957142	318
4	10211261	10234567	23307
4	10392431	10402181	9751
4	17202757	17203066	310
4	21160987	21167097	6111
4	21292929	21293047	119
4	21694731	21694850	120
4	25241050	25241190	141
4	25497151	25497463	313
4	26528324	26528559	236
4	27543891	27543955	65
4	28421591	28421940	350
4	29661110	29661437	328
4	30057531	30057892	362
4	31205816	31206134	319
4	31338488	31338686	199
4	31406678	31407004	327
4	31492864	31493299	436
4	32540601	32540915	315
4	34779886	34828943	49058
4	36469905	36470237	333
4	36842747	36843089	343
4	37483080	37483138	59
4	39031077	39031358	282
4	39400103	39400164	62
4	40024916	40026281	1366
4	40700509	40700739	231
4	41445194	41445294	101
4	42023936	42024119	184
4	43931496	43931836	341
4	44507276	44507729	454
4	44971997	44972168	172
4	46055991	46058195	2205
4	47487826	47487877	52
4	55808675	55808918	244
4	55998555	55998888	334
4	57501858	57501984	127
4	58087337	58087734	398
4	58148017	58148342	326
4	59944560	59950601	6042
4	60589089	60589207	119
4	61330107	61333186	3080
4	61569229	61569558	330
4	61939190	61942243	3054
4	63552087	63552141	55
4	64783585	64784554	970
4	65719086	65719560	475
4	66641110	66641420	311
4	68873179	68873248	70
4	69036893	69037213	321
4	69597938	69598290	353
4	72785701	72786024	324
4	72829627	72829955	329
4	73418754	73418842	89
4	73831249	73831820	572
4	79269121	79275195	6075
4	80205729	80206056	328
4	80888047	80894091	6045
4	81302527	81302865	339
4	81703683	81703899	217
4	81991516	81991836	321
4	82674871	82675469	599
4	84221709	84221993	285
4	86238976	86239058	83
4	86310520	86310830	311
4	86660756	86661077	322
4	86976375	86979951	3577
4	87066354	87066535	182
4	88032138	88032469	332
4	88291873	88292203	331
4	88775636	88775952	317
4	89037669	89038004	336
4	89681461	89681782	322
4	89833365	89833417	53
4	91596770	91602908	6139
4	92161476	92162724	1249
4	95498965	95499280	316
4	95870449	95870766	318
4	97572103	97572421	319
4	98110645	98110970	326
4	98133376	98133689	314
4	98181262	98181582	321
4	100023043	100023377	335
4	100070289	100070604	316
4	101244847	101245110	264
4	101390635	101390812	178
4	102787787	102788351	565
4	103329414	103332047	2634
4	103873102	103875607	2506
4	104894047	104894680	634
4	105502853	105503064	212
4	106234884	106234949	66
4	107437639	107438421	783
4	107604297	107609253	4957
4	107974330	107974487	158
4	108127809	108131714	3906
4	108276697	108279504	2808
4	110498741	110499065	325
4	111383201	111383532	332
4	111516320	111516509	190
4	111808751	111809059	309
4	113348506	113348569	64
4	113469974	113470281	308
4	114135093	114135577	485
4	115624598	115624870	273
4	115743888	115744132	245
4	116166908	116177180	10273
4	117251479	117251795	317
4	117367796	117368488	693
4	117420630	117420908	279
4	119296343	119296678	336
4	120017236	120017555	320
4	120244558	120244903	346
4	120780799	120781067	269
4	121087087	121087292	206
4	121808930	121809246	317
4	125867362	125867690	329
4	130175080	130175155	76
4	130407553	130407671	119
4	131694826	131695074	249
4	133114040	133114358	319
4	133180961	133183395	2435
4	133365470	133365564	95
4	133445432	133445701	270
4	133619877	133620182	306
4	133819598	133819920	323
4	134132628	134133211	584
4	134141603	134141911	309
4	137311637	137311694	58
4	139347265	139347363	99
4	139468850	139473239	4390
4	139948015	139948333	319
4	145316446	145319905	3460
4	148362894	148362953	60
4	150161040	150161381	342
4	150951028	150951349	322
4	152340706	152341552	847
4	157002033	157002343	311
4	161879030	161884943	5914
4	162776135	162776212	78
4	163214347	163214411	65
4	163394004	163396420	2417
4	164501941	164502253	313
4	164658299	164659132	834
4	165823217	165823329	113
4	166002618	166005055	2438
4	167004317	167004919	603
4	167108088	167108429	342
4	167412029	167412139	111
4	167677037	167683071	6035
4	167892552	167893740	1189
4	169120838	169120924	87
4	170151075	170151210	136
4	170278461	170278881	421
4	170808438	170808717	280
4	171292138	171292204	67
4	171355648	171355991	344
4	171549652	171549983	332
4	171969683	171969747	65
4	172988640	172992930	4291
4	172988640	172992931	4292
4	173176433	173176487	55
4	173425033	173433520	8488
4	176091074	176091158	85
4	177869319	177869634	316
4	178156828	178157156	329
4	178514245	178514563	319
4	179956842	179957160	319
4	180063786	180064160	375
4	180097877	180098507	631
4	181317272	181317454	183
4	181549429	181549742	314
4	181876787	181878288	1502
4	182056560	182057129	570
4	183035439	183035499	61
4	184303693	184304015	323
4	184632824	184632914	91
4	185140997	185141279	283
4	185665772	185666089	318
4	185883550	185883658	109
4	186155541	186155851	311
4	186198866	186199184	319
4	187353481	187357180	3700
4	187795698	187796017	320
4	188959366	188959488	123
4	189315627	189316487	861
4	189793240	189793558	319
4	189969677	189970030	354
4	190057999	190064272	6274
4	190105437	190106145	709
4	190253839	190254160	322
4	190291419	190291737	319
4	190302412	190302724	313
4	190512512	190512564	53
4	190512512	190512564	53
4	190741456	190741740	285
5	53333	53566	234
5	175874	176394	521
5	487055	487666	612
5	654937	655004	68
5	836145	837045	901
5	1178294	1180732	2439
5	1627140	1628837	1698
5	1682464	1682775	312
5	1769071	1769292	222
5	1924591	1925202	612
5	1951013	1951455	443
5	1968396	1971583	3188
5	2769424	2769640	217
5	3015549	3015630	82
5	3499262	3499582	321
5	3502314	3502641	328
5	7221929	7222248	320
5	9400611	9400880	270
5	9411761	9412074	314
5	9990099	9990311	213
5	10273399	10275146	1748
5	10574957	10575301	345
5	10756181	10756515	335
5	11339026	11339349	324
5	12769657	12769710	54
5	12811018	12820523	9506
5	13399958	13400032	75
5	13416592	13422853	6262
5	13427688	13427740	53
5	13855301	13855615	315
5	13895055	13895374	320
5	16124811	16125491	681
5	18171826	18171889	64
5	19375277	19376400	1124
5	20558013	20558165	153
5	20990983	20991181	199
5	21450170	21452462	2293
5	24091608	24091932	325
5	24370528	24373436	2909
5	24452840	24453161	322
5	25275396	25275720	325
5	25314612	25314948	337
5	25316198	25316504	307
5	25777307	25777630	324
5	26111187	26111512	326
5	26186256	26186315	60
5	26653902	26653966	65
5	26796699	26801896	5198
5	27524885	27526215	1331
5	28813577	28813829	253
5	30518175	30518259	85
5	31677425	31677745	321
5	33200860	33201171	312
5	33355564	33355894	331
5	35191135	35191471	337
5	35614174	35614486	313
5	36486029	36486301	273
5	39374343	39374477	135
5	42165929	42167769	1841
5	43523640	43523699	60
5	44125522	44125712	191
5	46270610	46275836	5227
5	52231772	52232104	333
5	53176929	53177233	305
5	53755531	53755619	89
5	54081758	54081907	150
5	57323477	57333778	10302
5	57679993	57686101	6109
5	57923170	57923343	174
5	58729833	58730085	253
5	60001705	60003665	1961
5	61293627	61293952	326
5	62704439	62704761	323
5	63698344	63701356	3013
5	64286055	64286391	337
5	65028084	65030380	2297
5	65346042	65346371	330
5	68724017	68724486	470
5	70853481	70853548	68
5	71157674	71157740	67
5	71916549	71916852	304
5	73648986	73649303	318
5	75435663	75435781	119
5	77048346	77048681	336
5	77062309	77062618	310
5	77105219	77105548	330
5	77574167	77574456	290
5	77880805	77881127	323
5	78109800	78111870	2071
5	78276749	78277072	324
5	78277727	78278045	319
5	79013703	79014009	307
5	79557189	79557502	314
5	80039372	80039680	309
5	81008165	81008437	273
5	81182480	81182821	342
5	82482757	82483062	306
5	83614992	83615339	348
5	84814478	84814554	77
5	84822818	84822887	70
5	86115338	86117858	2521
5	86246003	86247137	1135
5	87328660	87328807	148
5	88032013	88032342	330
5	88043139	88043466	328
5	89860422	89860742	321
5	90499773	90502095	2323
5	90574694	90574986	293
5	91480775	91481128	354
5	93916284	93916620	337
5	94109626	94109954	329
5	95343312	95343665	354
5	95909716	95910061	346
5	95966536	95967361	826
5	97401562	97402760	1199
5	97413946	97414039	94
5	98345102	98347482	2381
5	98839890	98842906	3017
5	99174315	99174628	314
5	99608147	99608459	313
5	99759461	99759778	318
5	99923534	99923838	305
5	102163355	102163607	253
5	103030555	103030879	325
5	103854275	103860326	6052
5	104432114	104503672	71559
5	110694943	110695264	322
5	112477828	112478366	539
5	112881417	112881736	320
5	114393664	114393930	267
5	114731313	114731630	318
5	114756499	114757889	1391
5	115130458	115130806	349
5	115894137	115894457	321
5	116222073	116222133	61
5	116428183	116428500	318
5	117387099	117393883	6785
5	117868223	117868534	312
5	119015145	119015464	320
5	119380147	119382680	2534
5	120313019	120313333	315
5	120727437	120727559	123
5	121059232	121060010	779
5	122274355	122274677	323
5	124717346	124717667	322
5	125841118	125841327	210
5	126458378	126458815	438
5	126942333	126942659	327
5	127172331	127173280	950
5	127336001	127336929	929
5	128378682	128378992	311
5	130804189	130804274	86
5	135115175	135120712	5538
5	136854675	136856391	1717
5	137022563	137023886	1324
5	137807486	137816901	9416
5	141459201	141459505	305
5	142935367	142935678	312
5	143080256	143080458	203
5	143353634	143353809	176
5	143370676	143370767	92
5	143512867	143515047	2181
5	144473259	144473640	382
5	144871905	144872805	901
5	146380182	146380256	75
5	147462156	147462471	316
5	149463927	149464030	104
5	149746192	149746517	326
5	151760911	151761223	313
5	152986428	152986520	93
5	153092141	153092204	64
5	154315918	154316002	85
5	155311784	155312574	791
5	158592398	158592742	345
5	159742556	159742662	107
5	160431306	160431636	331
5	164366298	164366607	310
5	166150749	166151068	320
5	166294130	166294321	192
5	166402763	166403630	868
5	166474422	166474504	83
5	168742524	168742757	234
5	171514607	171514931	325
5	172889714	172890046	333
5	176387580	176390180	2601
5	178109062	178113411	4350
5	178656269	178656463	195
5	180184455	180184722	268
6	666377	667821	1445
6	1682792	1683102	311
6	3145734	3146578	845
6	4050242	4050560	319
6	5037250	5039186	1937
6	5135240	5135782	543
6	5898448	5898875	428
6	6277341	6277602	262
6	7717368	7717702	335
6	9025729	9025780	52
6	9075288	9075608	321
6	9460378	9460714	337
6	10070793	10071105	313
6	10264423	10265264	842
6	11444340	11444651	312
6	11556092	11556411	320
6	11903437	11903748	312
6	13882550	13883852	1303
6	14745286	14745697	412
6	17472270	17472582	313
6	18402088	18402867	780
6	19155632	19155966	335
6	19423603	19423836	234
6	20765367	20765686	320
6	22227473	22227754	282
6	23300363	23300684	322
6	23743260	23745945	2686
6	23948742	23948982	241
6	24811876	24817950	6075
6	25529870	25530011	142
6	28190196	28190532	337
6	28972210	28972315	106
6	29332278	29332595	318
6	29650420	29651085	666
6	29685470	29688080	2611
6	29899769	29901526	1758
6	30230519	30230591	73
6	30886430	30886570	141
6	31211617	31213116	1500
6	31421497	31424386	2890
6	32313769	32314091	323
6	32377905	32378685	781
6	32547587	32547909	323
6	32561956	32564608	2653
6	32593657	32594016	360
6	32676574	32677030	457
6	32749231	32749541	311
6	32778709	32779820	1112
6	33026719	33028600	1882
6	33093408	33093738	331
6	33937830	33942697	4868
6	38922188	38922502	315
6	41404061	41404383	323
6	41953351	41953665	315
6	43614846	43614911	66
6	45967459	45967785	327
6	47091655	47092028	374
6	48930946	48938533	7588
6	50765957	50766267	311
6	51517350	51517675	326
6	51736110	51736804	695
6	53037878	53037949	72
6	54556436	54556770	335
6	54864364	54864690	327
6	55341739	55342333	595
6	55407903	55408174	272
6	55825958	55846712	20755
6	56898487	56898547	61
6	57618681	57618879	199
6	57622878	57627848	4971
6	58423850	58428864	5015
6	62053978	62054298	321
6	62278882	62278958	77
6	64667008	64668346	1339
6	65006421	65006515	95
6	65185153	65185466	314
6	66260028	66262021	1994
6	66274842	66275165	324
6	66399046	66404686	5641
6	66595037	66595830	794
6	68223039	68223313	275
6	68499604	68499692	89
6	72571429	72571749	321
6	72863852	72873540	9689
6	73152037	73152154	118
6	74156153	74156477	325
6	74421254	74421559	306
6	74613570	74620396	6827
6	74832504	74833459	956
6	74849698	74849813	116
6	74865449	74866619	1171
6	74932723	74933073	351
6	75957784	75958102	319
6	76053694	76053815	122
6	76746504	76746583	80
6	77097493	77102641	5149
6	77920100	77920410	311
6	85318144	85324220	6077
6	85771750	85771807	58
6	86026353	86026667	315
6	86708740	86714791	6052
6	87012223	87013632	1410
6	88118173	88118306	134
6	89424153	89424460	308
6	90961201	90961306	106
6	91237576	91237896	321
6	92289320	92289383	64
6	92807995	92808320	326
6	94657363	94657530	168
6	95400828	95400922	95
6	96580133	96580235	103
6	97487391	97487607	217
6	97505042	97505357	316
6	100034502	100035321	820
6	100297524	100297574	51
6	101934560	101939029	4470
6	103737465	103762889	25425
6	103939867	103943220	3354
6	104183185	104183509	325
6	105260827	105263757	2931
6	105567838	105568172	335
6	106983623	106983941	319
6	107124522	107124834	313
6	108031343	108032402	1060
6	108266113	108266415	303
6	115379163	115379379	217
6	115624536	115624852	317
6	116750814	116751132	319
6	117780555	117780657	103
6	119012288	119013927	1640
6	119417504	119417831	328
6	120557978	120568246	10269
6	121179099	121179243	145
6	121319293	121319616	324
6	122301644	122301962	319
6	123515059	123515373	315
6	123549075	123549170	96
6	124498907	124499229	323
6	124836856	124836981	126
6	126468008	126468244	237
6	128827778	128829589	1812
6	128976348	128976564	217
6	128989817	128990150	334
6	129319516	129325574	6059
6	130959395	130959714	320
6	131418003	131418987	985
6	131440528	131440607	80
6	132106602	132108785	2184
6	132114229	132118550	4322
6	132375176	132378901	3726
6	132697629	132697951	323
6	133371488	133371831	344
6	134268977	134269724	748
6	134817346	134817662	317
6	136235616	136235925	310
6	137313694	137314186	493
6	140952891	140953178	288
6	141325708	141326033	326
6	141548624	141550030	1407
6	144453404	144453661	258
6	149498901	149499182	282
6	149632778	149632944	167
6	150302658	150302804	147
6	151485865	151486937	1073
6	153029972	153033789	3818
6	154446916	154447237	322
6	154463239	154463330	92
6	154686518	154686793	276
6	155387301	155387375	75
6	157699904	157703269	3366
6	157957841	157958147	307
6	158509037	158509097	61
6	158548267	158549066	800
6	158876077	158876404	328
6	159232336	159232393	58
6	159652110	159652422	313
6	159666762	159667084	323
6	161684136	161684238	103
6	162112864	162113092	229
6	162893501	162893836	336
6	163434415	163434568	154
6	164250808	164250915	108
6	165724667	165732132	7466
6	167488071	167489576	1506
6	168059213	168059536	324
6	168717031	168718747	1717
6	169905557	169905650	94
7	1185065	1187654	2590
7	1856044	1863576	7533
7	3467459	3467519	61
7	5842840	5843087	248
7	7583517	7584914	1398
7	7593233	7593366	134
7	8698629	8698846	218
7	9634635	9635977	1343
7	9647960	9648091	132
7	10504300	10506133	1834
7	12024231	12024499	269
7	13022102	13028550	6449
7	13022102	13028550	6449
7	13663190	13663455	266
7	13676922	13677002	81
7	14449041	14449361	321
7	14451265	14451430	166
7	14910420	14910737	318
7	15885450	15885866	417
7	16936288	16936626	339
7	21587707	21587827	121
7	22434801	22436760	1960
7	23095966	23096018	53
7	24038162	24040070	1909
7	24677926	24678248	323
7	25044602	25044930	329
7	25057445	25059853	2409
7	27783376	27783723	348
7	28574298	28575146	849
7	28596643	28596859	217
7	29688452	29690143	1692
7	31315528	31318953	3426
7	31523780	31525289	1510
7	32390152	32393112	2961
7	32774805	32777591	2787
7	32811206	32811259	54
7	32946899	32946972	74
7	33403532	33403859	328
7	33708273	33708407	135
7	33898842	33899172	331
7	35607973	35608041	69
7	36352672	36352757	86
7	36441168	36441942	775
7	37477278	37477604	327
7	37998508	37998822	315
7	38508460	38508787	328
7	38513007	38513343	337
7	39380342	39380407	66
7	39820098	39825201	5104
7	42549701	42550022	322
7	42604623	42604964	342
7	44962393	44962718	326
7	47219078	47219174	97
7	49552066	49552383	318
7	50638565	50638655	91
7	51081675	51081733	59
7	51594313	51598689	4377
7	52094963	52095275	313
7	52107108	52107424	317
7	52520172	52520373	202
7	53196024	53196338	315
7	54370331	54370392	62
7	54668974	54669539	566
7	55286744	55289061	2318
7	55409862	55410106	245
7	55676884	55677788	905
7	55971771	55972134	364
7	56217741	56220248	2508
7	56761981	56769947	7967
7	57568823	57569161	339
7	57957716	57959407	1692
7	62002292	62004866	2575
7	64315808	64318058	2251
7	64853214	64853265	52
7	65316659	65317130	472
7	65857643	65860104	2462
7	66644851	66645409	559
7	66697486	66699291	1806
7	67131796	67132145	350
7	68129065	68129198	134
7	68462071	68462389	319
7	70447753	70448027	275
7	71211899	71212955	1057
7	72270263	72275842	5580
7	73190197	73190548	352
7	73549759	73550966	1208
7	73828496	73831315	2820
7	75293283	75293393	111
7	75313183	75313242	60
7	76870543	76870796	254
7	78357841	78358180	340
7	79742077	79742408	332
7	81358338	81358611	274
7	81441637	81442543	907
7	82910895	82910958	64
7	82946463	82946780	318
7	83050175	83051199	1025
7	83709862	83710187	326
7	86836615	86836923	309
7	88069045	88069245	201
7	88091300	88091749	450
7	89032689	89032742	54
7	89156998	89157085	88
7	89554155	89554539	385
7	89598873	89599188	316
7	89737335	89738051	717
7	89810408	89812599	2192
7	90022138	90022454	317
7	90583933	90584239	307
7	93416928	93422991	6064
7	93541817	93542539	723
7	95386254	95386584	331
7	96067513	96067827	315
7	96475887	96481994	6108
7	96505545	96505623	79
7	96522744	96523071	328
7	97395308	97402642	7335
7	97496334	97496665	332
7	101334196	101334515	320
7	102488705	102489043	339
7	103463067	103463388	322
7	103856435	103856752	318
7	103874938	103875244	307
7	104129516	104129796	281
7	104187385	104187715	331
7	104590132	104590236	105
7	107683983	107684126	144
7	108352847	108353171	325
7	108501444	108501545	102
7	108884718	108884847	130
7	110181966	110188432	6467
7	113416162	113422207	6046
7	113953502	113953813	312
7	116842004	116842314	311
7	117893951	117894252	302
7	118343801	118344155	355
7	120290251	120291387	1137
7	120881097	120881434	338
7	123636942	123637287	346
7	125265096	125265426	331
7	126045887	126051447	5561
7	126775610	126775700	91
7	127214970	127217981	3012
7	127620155	127620472	318
7	127766415	127766728	314
7	128309211	128309528	318
7	133107673	133108004	332
7	138039866	138039960	95
7	138300259	138300497	239
7	139109588	139109952	365
7	141113864	141114182	319
7	141491710	141491898	189
7	141760556	141786899	26344
7	142360547	142362013	1467
7	143898586	143898923	338
7	144034781	144036521	1741
7	144361169	144361496	328
7	144382750	144382897	148
7	145019594	145019970	377
7	146883957	146884169	213
7	147044512	147044570	59
7	148072864	148076323	3460
7	148111561	148111617	57
7	148818175	148818486	312
7	150463050	150463390	341
7	151230198	151231843	1646
7	152281693	152284305	2613
7	153310128	153310817	690
7	154153812	154155070	1259
7	154941916	154942244	329
7	155926191	155926284	94
7	157223302	157223362	61
7	158029475	158030448	974
7	158046567	158047309	743
7	158068918	158069123	206
7	158245756	158246060	305
7	158395093	158395204	112
8	2003105	2003295	191
8	2122083	2122346	264
8	2778564	2778787	224
8	3485768	3485909	142
8	3485768	3485889	122
8	4122884	4124972	2089
8	4222050	4222389	340
8	4941224	4941520	297
8	5744850	5744923	74
8	5748177	5748505	329
8	6587830	6588150	321
8	6790872	6791193	322
8	6991663	6995402	3740
8	8386031	8386944	914
8	11076328	11076434	107
8	11245559	11247207	1649
8	13778060	13778385	326
8	13888840	13888933	94
8	15001267	15001586	320
8	15219342	15219425	84
8	18454612	18455944	1333
8	18651452	18652425	974
8	19055259	19055530	272
8	19980263	19980577	315
8	24972433	24990943	18511
8	25066679	25070652	3974
8	26879407	26880929	1523
8	30072449	30072624	176
8	30392278	30392581	304
8	30603941	30605548	1608
8	31571242	31571594	353
8	32680006	32691261	11256
8	34426188	34426252	65
8	37050880	37051853	974
8	38953604	38953881	278
8	39737281	39737510	230
8	39765315	39765646	332
8	39885686	39890854	5169
8	39976061	39976151	91
8	40469735	40470383	649
8	40774623	40779778	5156
8	41279329	41279651	323
8	42185316	42185627	312
8	42190432	42194394	3963
8	46991582	46992433	852
8	47381308	47381640	333
8	47405846	47407910	2065
8	49093386	49093978	593
8	50009190	50009334	145
8	52023762	52024035	274
8	52060996	52061306	311
8	52737962	52738284	323
8	56107698	56108054	357
8	56401203	56401518	316
8	56676277	56676407	131
8	57300201	57300318	118
8	59078453	59078788	336
8	60179775	60179826	52
8	61204987	61205303	317
8	61945872	61946021	150
8	62035361	62035887	527
8	68727321	68727652	332
8	71583556	71584643	1088
8	72551406	72551739	334
8	73787766	73793823	6058
8	75362871	75366962	4092
8	75871118	75871170	53
8	75876939	75877264	326
8	77215856	77215980	125
8	77337382	77338426	1045
8	84959373	84959555	183
8	85434785	85437267	2483
8	85955656	85955989	334
8	89351927	89352023	97
8	89392208	89392514	307
8	91069174	91069495	322
8	92152857	92153180	324
8	94072328	94077192	4865
8	96875226	96879590	4365
8	97098074	97098425	352
8	97800063	97800131	69
8	98595393	98595731	339
8	98783449	98783780	332
8	101890451	101890519	69
8	103994769	103996595	1827
8	104382900	104383219	320
8	106181396	106181723	328
8	106670519	106670838	320
8	107511094	107511418	325
8	107728556	107728885	330
8	108120235	108120563	329
8	110234720	110235052	333
8	110510308	110510629	322
8	112168226	112168578	353
8	112294052	112297139	3088
8	113085424	113085753	330
8	113225849	113226191	343
8	114862620	114862753	134
8	114934393	114934682	290
8	115079316	115080676	1361
8	115997806	115998366	561
8	116488217	116488545	329
8	118223530	118223809	280
8	118712789	118713119	331
8	120154543	120161215	6673
8	121534104	121534442	339
8	121681673	121681991	319
8	121854744	121855061	318
8	124654293	124654359	67
8	126336797	126337114	318
8	126595122	126601134	6013
8	126681376	126681706	331
8	127192206	127194571	2366
8	129465154	129471266	6113
8	131850750	131852738	1989
8	132168284	132168596	313
8	132277654	132280534	2881
8	134329445	134329766	322
8	135231730	135231792	63
8	137160196	137163898	3703
8	137716814	137717139	326
8	138742966	138743861	896
8	138860549	138860872	324
8	140475259	140475590	332
8	142398327	142398400	74
8	144295495	144295552	58
8	144603556	144603625	70
8	144723603	144723934	332
8	145005448	145005561	114
8	146042931	146043066	136
8	146057022	146057832	811
8	146192870	146193199	330
9	469391	469570	180
9	1715607	1715680	74
9	3780617	3780942	326
9	4346659	4346969	311
9	4376418	4377644	1227
9	4537263	4537605	343
9	5641633	5642810	1178
9	6729120	6730106	987
9	6999378	6999684	307
9	7371804	7372116	313
9	8640848	8641662	815
9	9950429	9950758	330
9	10498741	10499050	310
9	11408595	11408846	252
9	15394881	15395196	316
9	15602580	15602666	87
9	15815307	15821940	6634
9	16389395	16389730	336
9	17277058	17277288	231
9	18286561	18286739	179
9	18751827	18752116	290
9	22496528	22504344	7817
9	22653395	22653768	374
9	22999488	22999819	332
9	23075121	23075438	318
9	23362802	23377685	14884
9	24356419	24356736	318
9	25594088	25594448	361
9	26512928	26513242	315
9	27670560	27670625	66
9	27788196	27788337	142
9	27788196	27788307	112
9	29092575	29098014	5440
9	29624692	29625012	321
9	30004922	30004992	71
9	30491284	30491594	311
9	31239843	31240052	210
9	31291356	31292672	1317
9	32315154	32315380	227
9	33050830	33051140	311
9	33213070	33213929	860
9	35803097	35803399	303
9	36008969	36009033	65
9	36362882	36364079	1198
9	36423655	36423970	316
9	39096068	39096292	225
9	41251641	41252641	1001
9	71665324	71665557	234
9	71703146	71703465	320
9	71777927	71778244	318
9	71804519	71804992	474
9	71895312	71896471	1160
9	73463598	73463913	316
9	75669518	75669796	279
9	78736727	78737038	312
9	79124513	79124828	316
9	80555433	80555817	385
9	81725762	81726082	321
9	83071657	83072065	409
9	83630438	83630750	313
9	83967918	83970683	2766
9	84324349	84326926	2578
9	85033846	85034187	342
9	87901406	87901712	307
9	89154558	89155946	1389
9	89799094	89799407	314
9	90858984	90860963	1980
9	92098585	92098649	65
9	97292907	97293231	325
9	100761059	100761388	330
9	101309044	101311664	2621
9	101347986	101348316	331
9	104219696	104220378	683
9	104443962	104444727	766
9	104714844	104724481	9638
9	105162486	105162668	183
9	106568301	106569727	1427
9	107400974	107401287	314
9	109024117	109024427	311
9	110033442	110035444	2003
9	110537521	110540595	3075
9	112286046	112286686	641
9	114631747	114632065	319
9	114902343	114902657	315
9	115264645	115264736	92
9	115937085	115937379	295
9	118109643	118109987	345
9	119477064	119477397	334
9	122531835	122532152	318
9	130900912	130902108	1197
9	131412057	131413976	1920
9	131694898	131695031	134
9	131700926	131702157	1232
9	132026686	132028069	1384
9	133030643	133034801	4159
9	133305073	133305157	85
9	135296997	135297073	77
9	136060716	136061032	317
9	136154304	136154433	130
9	136379211	136379552	342
9	136414102	136414425	324
9	136761040	136761267	228
9	136863596	136863947	352
9	137690415	137690499	85
9	138207941	138208001	61
9	138214064	138217603	3540
9	138479101	138480199	1099
9	140253510	140255974	2465
10	1537792	1537898	107
10	1602667	1602781	115
10	2379471	2379797	327
10	3095680	3095931	252
10	3258132	3258208	77
10	4290063	4291682	1620
10	4634802	4635120	319
10	4708519	4710522	2004
10	5248653	5248756	104
10	5287300	5293345	6046
10	5522923	5523010	88
10	5889560	5892817	3258
10	6097371	6097868	498
10	6169465	6169685	221
10	6411564	6417629	6066
10	7077041	7078301	1261
10	7793789	7794038	250
10	8781979	8782307	329
10	9436189	9436251	63
10	9438233	9438400	168
10	9519816	9520121	306
10	10493410	10493732	323
10	10708536	10708852	317
10	12596203	12596584	382
10	14936349	14936665	317
10	15532465	15532774	310
10	18503076	18503589	514
10	19397309	19397645	337
10	19504645	19504784	140
10	20667246	20667565	320
10	23635492	23635621	130
10	24376838	24378441	1604
10	25098082	25098419	338
10	26354752	26355068	317
10	26767942	26768247	306
10	27945179	27945229	51
10	29712146	29712720	575
10	29742244	29742966	723
10	29883209	29883264	56
10	31246748	31251769	5022
10	31443351	31444864	1514
10	32257881	32260612	2732
10	32705727	32706064	338
10	33492641	33492929	289
10	38271986	38272142	157
10	42701552	42716790	15239
10	43274201	43274532	332
10	44675233	44675325	93
10	44901299	44901606	308
10	49917157	49917479	323
10	53203677	53214222	10546
10	53578471	53578799	329
10	53827668	53827985	318
10	53828729	53828780	52
10	54441197	54441513	317
10	54860811	54861129	319
10	56517028	56517340	313
10	56697929	56698054	126
10	57702026	57702365	340
10	58863548	58863866	319
10	59015218	59015559	342
10	59209788	59211853	2066
10	61365482	61365800	319
10	65509249	65511399	2151
10	66841806	66842061	256
10	67032387	67032801	415
10	70634324	70634436	113
10	70998115	70998437	323
10	71281004	71291092	10089
10	73256582	73256701	120
10	73824657	73824960	304
10	78255573	78261019	5447
10	78800903	78801221	319
10	81092183	81092780	598
10	82904658	82904930	273
10	88666176	88666515	340
10	89275798	89276568	771
10	90116515	90116582	68
10	91547385	91547720	336
10	91809912	91810221	310
10	92969226	92969563	338
10	93633336	93634562	1227
10	94134600	94137653	3054
10	95545478	95546495	1018
10	97207055	97208027	973
10	99034864	99037397	2534
10	99417568	99417626	59
10	100025119	100025453	335
10	104528123	104528447	325
10	104645248	104645586	339
10	105097523	105097836	314
10	107252999	107253351	353
10	107950683	107951595	913
10	108030318	108032541	2224
10	111036378	111036697	320
10	111572111	111578216	6106
10	114112182	114116658	4477
10	114157785	114158122	338
10	117711617	117712002	386
10	118265310	118265632	323
10	118766020	118769356	3337
10	119330250	119330432	183
10	119634275	119634605	331
10	122226655	122228803	2149
10	122701137	122701429	293
10	124428716	124428807	92
10	125378941	125379014	74
10	127191656	127197234	5579
10	127745181	127745980	800
10	128106473	128106786	314
10	129226744	129227054	311
10	129935566	129935877	312
10	130007553	130007603	51
10	132272028	132272167	140
10	132372179	132372324	146
10	132909059	132912779	3721
10	132988685	132991208	2524
10	133162044	133162098	55
10	134953605	134953841	237
10	134977391	134977606	216
10	135104793	135105983	1191
11	223786	224002	217
11	1662955	1663535	581
11	2215312	2215565	254
11	5106965	5107211	247
11	5760088	5762365	2278
11	6600866	6601075	210
11	7428580	7428910	331
11	7716904	7717219	316
11	7790335	7792009	1675
11	8326057	8326195	139
11	9338353	9338621	269
11	9525787	9526799	1013
11	9794574	9794899	326
11	10260048	10261313	1266
11	10292729	10293834	1106
11	12152545	12152868	324
11	12943733	12944009	277
11	14348311	14348626	316
11	16587159	16587294	136
11	16597564	16597886	323
11	16905547	16905600	54
11	16996170	16996593	424
11	17195840	17196152	313
11	18290364	18290417	54
11	22010475	22010544	70
11	22470879	22472765	1887
11	25432504	25432726	223
11	25564423	25564813	391
11	27307870	27308202	333
11	27657264	27657595	332
11	29000583	29012888	12306
11	29748268	29748603	336
11	29967579	29968466	888
11	31152432	31152747	316
11	31393774	31397646	3873
11	31916714	31917042	329
11	33537673	33537995	323
11	33659950	33660015	66
11	34048596	34048799	204
11	34728122	34728616	495
11	37793218	37793347	130
11	39010739	39010805	67
11	39785905	39785974	70
11	39805115	39805449	335
11	41007019	41007340	322
11	41308137	41308215	79
11	41818197	41819022	826
11	41822281	41822607	327
11	42156150	42156478	329
11	42464099	42464409	311
11	43891830	43892165	336
11	43909594	43909899	306
11	45132764	45132956	193
11	45429847	45431613	1767
11	47057589	47063706	6118
11	48120062	48120370	309
11	48446815	48447110	296
11	48600857	48604282	3426
11	48690003	48690171	169
11	48734733	48736948	2216
11	48880716	48881741	1026
11	48928945	48929255	311
11	48934482	48934820	339
11	48944699	48945369	671
11	48948712	48949222	511
11	49425082	49425416	335
11	50640218	50641074	857
11	51341167	51362969	21803
11	51577837	51581750	3914
11	55488947	55489275	329
11	57962829	57963155	327
11	58166982	58168149	1168
11	58220605	58220934	330
11	58587132	58587988	857
11	58594189	58596019	1831
11	58809286	58809617	332
11	61107786	61108124	339
11	61944788	61945085	298
11	63698909	63701653	2745
11	64268440	64268499	60
11	67642225	67644843	2619
11	67662507	67662586	80
11	68183094	68183403	310
11	69400841	69401402	562
11	71861598	71861912	315
11	74145058	74145404	347
11	76445325	76445459	135
11	78838457	78838513	57
11	81856411	81863345	6935
11	83143381	83143660	280
11	84723184	84723389	206
11	89932514	89932852	339
11	92245998	92246301	304
11	92869805	92875913	6109
11	93102801	93103118	318
11	93679230	93681423	2194
11	95169380	95175431	6052
11	96614760	96615086	327
11	99276323	99276662	340
11	101289994	101290317	324
11	101416773	101417102	330
11	102471847	102472162	316
11	102751105	102752802	1698
11	103087928	103088084	157
11	103410822	103411134	313
11	103949528	103949636	109
11	104010474	104010817	344
11	104180381	104180723	343
11	104267749	104273229	5481
11	105723493	105723823	331
11	107158610	107158665	56
11	110026838	110026894	57
11	110489596	110490055	460
11	110911647	110911818	172
11	114397160	114397230	71
11	122347577	122349280	1704
11	123230019	123230075	57
11	124775035	124778298	3264
11	124830139	124830246	108
11	125053086	125053375	290
11	132558588	132558876	289
11	134431780	134431835	56
11	134445855	134445916	62
11	134601979	134607661	5683
12	377497	384829	7333
12	1028786	1029591	806
12	1230946	1231799	854
12	1864012	1864326	315
12	3860912	3860965	54
12	6538255	6538626	372
12	6613336	6613398	63
12	6907384	6907639	256
12	7832826	7832950	125
12	8558486	8590846	32361
12	8625579	8625889	311
12	9016804	9017867	1064
12	10703488	10703814	327
12	10813067	10813239	173
12	11258525	11258838	314
12	11288103	11288156	54
12	11341899	11342212	314
12	12263339	12263671	333
12	13725906	13726553	648
12	13941609	13941706	98
12	14052324	14052818	495
12	14258602	14258932	331
12	16420128	16421286	1159
12	17894162	17894388	227
12	18317393	18317700	308
12	20862520	20862857	338
12	21775416	21775734	319
12	22047473	22047575	103
12	23795726	23796038	313
12	23939522	23940088	567
12	24460408	24460699	292
12	25670021	25670491	471
12	26303487	26303557	71
12	26511021	26511352	332
12	27433988	27434318	331
12	28823496	28823578	83
12	29573408	29573748	341
12	30043761	30043947	187
12	30371318	30371742	425
12	32963600	32963914	315
12	33853140	33853354	215
12	34515476	34515584	109
12	34845026	34849137	4112
12	37991226	37994633	3408
12	38010146	38018095	7950
12	38084804	38085657	854
12	38085944	38086452	509
12	38102650	38102820	171
12	38372112	38372283	172
12	39527956	39529157	1202
12	40864969	40865091	123
12	41183196	41183501	306
12	41659817	41660133	317
12	41757437	41757525	89
12	42238054	42238877	824
12	43654406	43654752	347
12	43977450	43979549	2100
12	45903154	45909939	6786
12	45948359	45948444	86
12	47075351	47075698	348
12	48725467	48728380	2914
12	51216435	51218459	2025
12	51796889	51796941	53
12	54245408	54245696	289
12	55127306	55127366	61
12	55727210	55728183	974
12	61736529	61736798	270
12	62295032	62295217	186
12	63946729	63946956	228
12	65134827	65135003	177
12	71602358	71604473	2116
12	72356577	72358140	1564
12	72725140	72725309	170
12	72739802	72739855	54
12	73293558	73293668	111
12	74571808	74572021	214
12	74964926	74965041	116
12	77006204	77006266	63
12	83844045	83844608	564
12	83959218	83959533	316
12	84042270	84042582	313
12	84484485	84484800	316
12	84593109	84596011	2903
12	86523316	86523635	320
12	87158310	87158371	62
12	90846373	90846576	204
12	94358329	94358640	312
12	95244025	95244447	423
12	95344057	95344366	310
12	96010454	96012414	1961
12	96233582	96236327	2746
12	96340346	96342954	2609
12	97501033	97501105	73
12	97554728	97555055	328
12	98669928	98672090	2163
12	98955402	98959000	3599
12	99793948	99802770	8823
12	101872667	101872717	51
12	102102407	102107086	4680
12	104293396	104293723	328
12	105773515	105773838	324
12	113071990	113072197	208
12	115023766	115023828	63
12	123010339	123010667	329
12	124795816	124795936	121
12	125334398	125334707	310
12	125433332	125433414	83
12	126019196	126019252	57
12	126825401	126825492	92
12	127199949	127200287	339
12	127502625	127502852	228
12	127660427	127660752	326
12	127947266	127947318	53
12	128037978	128038294	317
12	129182679	129182751	73
12	130060288	130060618	331
12	130123025	130123165	141
12	131815903	131815983	81
12	132186710	132186782	73
13	20342553	20343467	915
13	21730901	21731223	323
13	22574676	22574770	95
13	23055209	23055515	307
13	23632498	23637302	4805
13	24057641	24057972	332
13	24710955	24711268	314
13	25721018	25721336	319
13	28268140	28269048	909
13	28333011	28333108	98
13	28839857	28840181	325
13	29891563	29891873	311
13	29954758	29955081	324
13	30215824	30221844	6021
13	31043602	31043824	223
13	31175586	31175920	335
13	31418213	31418481	269
13	31426222	31426511	290
13	31703545	31705657	2113
13	31963616	31963686	71
13	32014699	32014829	131
13	34192592	34193321	730
13	36806770	36806861	92
13	37414466	37414785	320
13	37414466	37414786	321
13	39057316	39060201	2886
13	39934183	39935480	1298
13	40028470	40028791	322
13	41271112	41271423	312
13	42755953	42756204	252
13	42946048	42946378	331
13	43539795	43541447	1653
13	45042433	45043105	673
13	46005379	46005721	343
13	47689477	47689790	314
13	48419926	48420081	156
13	50596829	50596972	144
13	51069347	51075078	5732
13	51551935	51552263	329
13	51760756	51760872	117
13	55941179	55941468	290
13	55952595	55952684	90
13	56151096	56151219	124
13	57975501	57975848	348
13	58528927	58528984	58
13	60172491	60172823	333
13	61286429	61287493	1065
13	61958691	61959020	330
13	63523804	63524119	316
13	63656184	63656510	327
13	64412818	64413805	988
13	65637809	65638210	402
13	68936889	68937266	378
13	69966663	69966961	299
13	70036392	70036717	326
13	70079643	70079696	54
13	72477265	72480576	3312
13	72807623	72812358	4736
13	72843038	72846924	3887
13	72956711	72957020	310
13	74074912	74075239	328
13	74383630	74383683	54
13	76639274	76639600	327
13	78997610	78998719	1110
13	79661068	79661402	335
13	79757405	79757461	57
13	80678314	80678630	317
13	81747237	81747564	328
13	82355663	82355724	62
13	82889195	82889537	343
13	83165935	83172205	6271
13	83179449	83179755	307
13	83580475	83580673	199
13	83649455	83649574	120
13	85929516	85929693	178
13	85936701	85937631	931
13	86600636	86600692	57
13	89003265	89003600	336
13	89073249	89073539	291
13	89253455	89253781	327
13	89582663	89582722	60
13	91160039	91160287	249
13	92111709	92111830	122
13	92279249	92279583	335
13	96633423	96633740	318
13	98721237	98721556	320
13	99254190	99258524	4335
13	99623702	99623837	136
13	99678265	99678351	87
13	101894144	101896424	2281
13	101906944	101907262	319
13	103931644	103931958	315
13	104009855	104010173	319
13	104091765	104092246	482
13	104144378	104144660	283
13	105161210	105161523	314
13	105708091	105708434	344
13	106449324	106449921	598
13	107924539	107924861	323
13	109361746	109362437	692
13	109526010	109526109	100
13	111559415	111559652	238
13	112093756	112093879	124
13	112850853	112851199	347
13	113499491	113500088	598
13	113790937	113791263	327
13	113991046	113991116	71
13	114505556	114506635	1080
14	21536145	21536478	334
14	21778186	21778401	216
14	21952625	21954662	2038
14	23922247	23922646	400
14	26147101	26147457	357
14	26283874	26284799	926
14	26701608	26701918	311
14	26821872	26821968	97
14	29728039	29728802	764
14	30986508	30986761	254
14	31262985	31263314	330
14	31813877	31814050	174
14	33391973	33392308	336
14	33435781	33436003	223
14	34290036	34290374	339
14	34514027	34514836	810
14	35305291	35305621	331
14	37631608	37771227	139620
14	38245236	38245451	216
14	39004519	39005027	509
14	40114002	40114721	720
14	40609816	40617672	7857
14	41122393	41122492	100
14	42486322	42486636	315
14	42879146	42879361	216
14	43899449	43899532	84
14	45888150	45888467	318
14	46577924	46578243	320
14	46830458	46830591	134
14	48334242	48334556	315
14	50118870	50119027	158
14	50287693	50288220	528
14	54564052	54564385	334
14	59423291	59423362	72
14	59545299	59545605	307
14	59883479	59884078	600
14	60341398	60343241	1844
14	65360387	65363540	3154
14	65606358	65608047	1690
14	68603032	68603731	700
14	68995380	68995453	74
14	70658731	70658781	51
14	70687833	70689453	1621
14	70690052	70690240	189
14	70798460	70798537	78
14	71320961	71321253	293
14	71437828	71438160	333
14	71689958	71690264	307
14	74239795	74246936	7142
14	78124955	78125062	108
14	78828234	78828584	351
14	80106289	80115049	8761
14	81469116	81469427	312
14	81597041	81597359	319
14	82499111	82503330	4220
14	83019602	83019882	281
14	83635837	83636483	647
14	83900392	83900481	90
14	85139146	85139625	480
14	87207163	87207247	85
14	87858057	87858383	327
14	88890019	88890176	158
14	89408829	89409078	250
14	92954762	92954915	154
14	96394071	96394248	178
14	97212050	97212125	76
14	97212859	97212928	70
14	98783981	98785087	1107
14	98822594	98822671	78
14	100844998	100845330	333
14	101990867	101991202	336
14	103279499	103279553	55
14	103598321	103598380	60
14	103764021	103764125	105
14	104465980	104466116	137
14	105415172	105415666	495
14	105417205	105418194	990
14	105576658	105579582	2925
14	106415142	106415231	90
14	106798247	106822961	24715
15	23671392	23675198	3807
15	24107714	24107876	163
15	24207058	24207366	309
15	25931397	25932380	984
15	26547131	26547240	110
15	27021456	27021796	341
15	27483242	27483346	105
15	29411475	29411896	422
15	32291221	32291528	308
15	34200448	34200714	267
15	35009017	35009351	335
15	38104779	38104860	82
15	39267005	39267358	354
15	39372374	39373481	1108
15	39520103	39520442	340
15	39744391	39744859	469
15	40329816	40329908	93
15	41604021	41604430	410
15	42017736	42018067	332
15	43660428	43660753	326
15	46067965	46068314	350
15	50787434	50787492	59
15	51897702	51898040	339
15	52525184	52525516	333
15	55218216	55224424	6209
15	55429893	55430213	321
15	58282108	58282214	107
15	58596497	58596817	321
15	59712887	59713217	331
15	60540011	60540068	58
15	62947784	62947920	137
15	64633179	64633503	325
15	64843788	64844213	426
15	66633813	66634133	321
15	66706536	66706683	148
15	67083772	67084069	298
15	68063459	68063514	56
15	68426003	68428927	2925
15	68713339	68713558	220
15	70771910	70772060	151
15	71708610	71713690	5081
15	71885476	71885813	338
15	71991546	71991777	232
15	72017125	72017484	360
15	72385966	72388158	2193
15	74164206	74164387	182
15	76884597	76896938	12342
15	77910862	77911235	374
15	79084263	79084355	93
15	79891844	79892164	321
15	79911587	79911898	312
15	80110685	80110971	287
15	82565878	82567801	1924
15	83275271	83275581	311
15	84541435	84543848	2414
15	85462034	85462166	133
15	86057008	86059198	2191
15	91173991	91174351	361
15	93515788	93516100	313
15	98226939	98227084	146
15	98842324	98843807	1484
15	99574512	99575638	1127
15	101051739	101052185	447
15	101160717	101160809	93
15	101341488	101342370	883
15	101453068	101453376	309
16	530777	531087	311
16	1422853	1424115	1263
16	2347943	2348182	240
16	8066622	8066947	326
16	10925105	10925638	534
16	11683734	11685294	1561
16	12002320	12002644	325
16	13294466	13296494	2029
16	13944336	13944439	104
16	14075623	14075741	119
16	14470518	14470809	292
16	16934363	16940414	6052
16	17226338	17226393	56
16	18832525	18838376	5852
16	19230430	19230781	352
16	19945551	19967579	22029
16	20778542	20778861	320
16	22908974	22909251	278
16	23047776	23049531	1756
16	23528536	23528848	313
16	23809467	23809526	60
16	23910887	23911192	306
16	25340110	25343127	3018
16	25639377	25640150	774
16	25721774	25721829	56
16	26608024	26608365	342
16	26963254	26963386	133
16	28609319	28622312	12994
16	31327360	31327551	192
16	48905293	48906229	937
16	49540318	49540452	135
16	49979397	49979710	314
16	56617026	56617359	334
16	57366312	57367118	807
16	57725396	57727846	2451
16	58614876	58614964	89
16	58819559	58819633	75
16	60032082	60032396	315
16	62046862	62047194	333
16	62544334	62550668	6335
16	63442424	63442753	330
16	65519999	65520319	321
16	66823194	66823527	334
16	70553010	70553329	320
16	72753293	72753597	305
16	76168648	76168753	106
16	76294912	76295032	121
16	76539134	76544025	4892
16	78038527	78041189	2663
16	78171666	78172344	679
16	78876653	78877577	925
16	80196900	80197002	103
16	80468631	80468943	313
16	81119465	81119817	353
16	81173837	81174344	508
16	81619266	81619360	95
16	82164273	82164502	230
16	83984084	83984359	276
16	85149488	85150075	588
16	85781652	85781793	142
16	86284309	86284616	308
16	88218693	88218774	82
16	89799097	89799327	231
17	193767	197057	3291
17	723802	724940	1139
17	1097751	1098205	455
17	2194921	2195055	135
17	2719929	2721217	1289
17	3734785	3735842	1058
17	4640608	4641370	763
17	5595705	5597498	1794
17	5933607	5933923	317
17	6036573	6036699	127
17	6988735	6989969	1235
17	8011128	8011361	234
17	8384394	8384463	70
17	9065215	9065332	118
17	10203421	10203771	351
17	11557371	11557691	321
17	12196580	12196896	317
17	12345650	12347219	1570
17	12353134	12359254	6121
17	13220478	13220804	327
17	13704545	13704833	289
17	14189911	14191555	1645
17	15863569	15863886	318
17	16048723	16048915	193
17	17230375	17231250	876
17	18791139	18792163	1025
17	19543418	19543725	308
17	19571911	19572320	410
17	20662588	20663060	473
17	25536540	25540381	3842
17	26030427	26030499	73
17	26780386	26783491	3106
17	26843722	26844060	339
17	27019280	27019956	677
17	28209545	28209625	81
17	28988461	28989029	569
17	30436738	30437055	318
17	34376279	34376609	331
17	35143424	35143742	319
17	36963450	36964907	1458
17	39421713	39432017	10305
17	41437948	41440184	2237
17	47228440	47228769	330
17	49154362	49154482	121
17	51852788	51860740	7953
17	52705176	52705226	51
17	55089725	55092848	3124
17	60934361	60934485	125
17	64930541	64930856	316
17	65520855	65521184	330
17	65727355	65727630	276
17	66227557	66227777	221
17	66960927	66961259	333
17	67087652	67087962	311
17	69852140	69852466	327
17	72173712	72173807	96
17	73542671	73542887	217
17	74987521	74987839	319
17	75235949	75236290	342
17	75988283	75988597	315
17	76282237	76283430	1194
17	76505130	76505311	182
17	77125448	77125603	156
17	78834687	78835351	665
17	79117249	79117320	72
17	79225025	79225101	77
17	79455402	79455457	56
17	79470485	79471471	987
17	79610352	79610666	315
17	80883780	80883953	174
17	80941994	80942167	174
17	80983101	80983529	429
17	81025597	81025682	86
18	393353	393406	54
18	2472724	2472837	114
18	2997376	2997457	82
18	4955593	4955989	397
18	5306844	5307330	487
18	5324619	5326242	1624
18	9036084	9036372	289
18	9225118	9225453	336
18	9621930	9622235	306
18	9626589	9626661	73
18	10222279	10223604	1326
18	10462405	10462651	247
18	12851183	12851511	329
18	13143166	13144157	992
18	14822942	14823304	363
18	21990743	21992047	1305
18	22892480	22892804	325
18	23473581	23473650	70
18	24571621	24572341	721
18	25827877	25828209	333
18	26363744	26364064	321
18	27629681	27630006	326
18	27872571	27872899	329
18	30495689	30501256	5568
18	32370307	32370546	240
18	32661955	32662271	317
18	37061633	37061962	330
18	38259893	38266749	6857
18	38864785	38868343	3559
18	41031545	41032528	984
18	41453428	41453755	328
18	43261004	43261328	325
18	43345201	43345281	81
18	44338418	44338754	337
18	44382710	44383059	350
18	45379614	45379807	194
18	45996144	45996460	317
18	46979021	46979601	581
18	47019852	47020173	322
18	47694974	47698386	3413
18	50462566	50463030	465
18	50925978	50926300	323
18	51952964	51956959	3996
18	54244950	54245623	674
18	54946738	54948717	1980
18	55671123	55671428	306
18	55801578	55801903	326
18	59591598	59591781	184
18	59672726	59674184	1459
18	62385768	62386081	314
18	62996846	62996926	81
18	63723832	63732361	8530
18	63766870	63769202	2333
18	66221319	66221641	323
18	66228958	66229335	378
18	67283642	67283723	82
18	67949599	67949923	325
18	68846725	68847058	334
18	69896760	69897075	316
18	70353220	70353421	202
18	70978847	70979161	315
18	71273397	71273717	321
18	71444208	71444542	335
18	72152429	72152768	340
18	73570007	73570331	325
18	73901669	73902040	372
18	74347154	74347997	844
18	74365365	74365670	306
18	74769771	74770071	301
18	75261108	75261515	408
18	75266998	75268159	1162
18	75997261	75997615	355
18	76202124	76203342	1219
18	76662489	76666324	3836
18	77057747	77058984	1238
18	77168993	77169192	200
18	77168993	77169192	200
18	77499777	77500106	330
18	77792972	77793024	53
19	837860	838174	315
19	2909347	2910542	1196
19	3711052	3711346	295
19	6163200	6163490	291
19	6987464	6987792	329
19	8514411	8514717	307
19	9519643	9519701	59
19	12694877	12698930	4054
19	13739100	13739227	128
19	15046392	15049477	3086
19	15750574	15750640	67
19	15761937	15762409	473
19	18242159	18242478	320
19	19258019	19258292	274
19	19802233	19802612	380
19	20176717	20177026	310
19	20979994	20980311	318
19	21903051	21905567	2517
19	23046900	23047421	522
19	23140780	23142917	2138
19	23320789	23321105	317
19	23465128	23466772	1645
19	23655170	23655231	62
19	23986398	23986719	322
19	24185642	24185708	67
19	27801429	27806207	4779
19	27961364	27963246	1883
19	29950185	29956167	5983
19	30386519	30386741	223
19	30388791	30393100	4310
19	31287473	31289745	2273
19	34316368	34316578	211
19	35661080	35665797	4718
19	36662638	36662963	326
19	37046182	37046497	316
19	37284318	37284627	310
19	40124705	40124786	82
19	40613090	40615760	2671
19	43167387	43167864	478
19	45904008	45904332	325
19	46278653	46279628	976
19	46622735	46628312	5578
19	46956102	46956428	327
19	48494830	48495081	252
19	49889476	49889799	324
19	51776391	51776701	311
19	52175930	52177513	1584
19	52948969	52949075	107
19	53084111	53084246	136
19	53096007	53097608	1602
19	54810771	54811491	721
19	55470576	55472032	1457
19	55872983	55873159	177
19	56041812	56042147	336
19	57111545	57111862	318
19	58617789	58618128	340
19	59035206	59035299	94
19	59096465	59096620	156
20	594427	594481	55
20	1069158	1069229	72
20	1389144	1390814	1671
20	2359904	2360608	705
20	2864002	2864323	322
20	3021756	3022052	297
20	3037867	3038182	316
20	5942988	5943316	329
20	6150946	6151277	332
20	7274337	7274649	313
20	8413998	8414456	459
20	9149569	9149622	54
20	11517266	11517588	323
20	14466307	14466370	64
20	14529069	14529381	313
20	15435301	15435476	176
20	16040301	16040395	95
20	17103452	17103798	347
20	18241714	18242966	1253
20	19170062	19170377	316
20	21849903	21850189	287
20	22097666	22097720	55
20	24388714	24389541	828
20	24903698	24904415	718
20	26092752	26094315	1564
20	26260585	26261778	1194
20	26297645	26302767	5123
20	29509063	29536049	26987
20	30899228	30899532	305
20	31310855	31312778	1924
20	31327363	31328034	672
20	31525487	31529389	3903
20	32815929	32819225	3297
20	33115812	33116144	333
20	33621639	33621970	332
20	35815610	35815921	312
20	37055111	37055810	700
20	41791262	41791447	186
20	42024595	42025792	1198
20	42271865	42274588	2724
20	42481269	42483782	2514
20	42676126	42676524	399
20	44359413	44359524	112
20	44402438	44402559	122
20	44535348	44535783	436
20	48543735	48543815	81
20	50492113	50492471	359
20	50759191	50760928	1738
20	52647065	52658002	10938
20	52866238	52867342	1105
20	53292652	53292965	314
20	54434611	54440616	6006
20	56079235	56080514	1280
20	59974167	59974487	321
20	60526289	60526593	305
20	60570625	60570943	319
20	61304251	61305139	889
20	61724699	61725597	899
20	62267525	62268029	505
20	62408382	62408490	109
20	62596190	62597466	1277
21	14650764	14650844	81
21	15330012	15330081	70
21	16275282	16275361	80
21	18612329	18613633	1305
21	18825805	18825867	63
21	19914053	19914393	341
21	24828946	24829264	319
21	25710186	25710604	419
21	26825132	26825398	267
21	30263626	30264175	550
21	30552225	30552578	354
21	30601817	30602156	340
21	32916623	32916731	109
21	33843194	33843760	567
21	37014964	37015168	205
21	37676111	37676344	234
21	39590527	39590872	346
21	39863887	39863992	106
21	39900347	39900670	324
21	41586866	41587190	325
21	42054569	42054759	191
21	42402883	42403203	321
21	43285182	43285271	90
21	43350117	43353485	3369
21	44970365	44973300	2936
21	45850286	45850611	326
21	46401890	46402343	454
21	46443175	46443228	54
21	46447980	46448660	681
21	46795933	46796019	87
21	47343723	47344052	330
21	47409940	47410008	69
21	47779120	47779654	535
22	16560089	16560174	86
22	17026620	17027815	1196
22	17770351	17779108	8758
22	18047361	18047718	358
22	18057751	18060457	2707
22	18099517	18099826	310
22	18977576	18977640	65
22	19099931	19100625	695
22	19947294	19947361	68
22	20950623	20953839	3217
22	23478429	23479559	1131
22	24274143	24311297	37155
22	26891514	26891650	137
22	27168067	27169792	1726
22	29695950	29696020	71
22	30214392	30214448	57
22	30737506	30737593	88
22	31776417	31780625	4209
22	33000495	33000555	61
22	33295759	33296076	318
22	33740779	33740860	82
22	33751615	33751766	152
22	35645165	35646139	975
22	37127074	37127245	172
22	37143170	37147895	4726
22	37905678	37906155	478
22	40794224	40795242	1019
22	42140479	42140800	322
22	42519219	42531375	12157
22	43101447	43102198	752
22	43549326	43549652	327
22	45252434	45253099	666
22	45875017	45875350	334
22	45964465	45964683	219
22	49006382	49006457	76
22	49077627	49077902	276
22	49863270	49863484	215
22	50464724	50464834	111
X	445646	446047	402
X	562561	562754	194
X	910133	910850	718
X	1858514	1858845	332
X	3294917	3295541	625
X	4904708	4905022	315
X	5055344	5057499	2156
X	5570337	5570680	344
X	11725353	11731399	6047
X	12434251	12436813	2563
X	16427680	16428212	533
X	17520617	17520931	315
X	22672565	22672879	315
X	24101369	24101683	315
X	31577466	31577781	316
X	32987323	32989079	1757
X	40505175	40505498	324
X	45587560	45587866	307
X	48127601	48127762	162
X	58549120	58550124	1005
X	66103778	66103901	124
X	69303062	69303273	212
X	71123221	71123537	317
X	75253857	75254166	310
X	77121386	77123866	2481
X	77696853	77697450	598
X	79072217	79072510	294
X	81042500	81043079	580
X	81096645	81102695	6051
X	81982364	81988115	5752
X	85537770	85538081	312
X	85605172	85609863	4692
X	86286760	86287243	484
X	87743058	87743353	296
X	91678134	91680093	1960
X	92125698	92125823	126
X	95050848	95051480	633
X	96006637	96006951	315
X	99510819	99512781	1963
X	108353216	108357410	4195
X	112788554	112788681	128
X	112877016	112877346	331
X	116454346	116454664	319
X	119643312	119643624	313
X	122185499	122185850	352
X	122951242	122952850	1609
X	122972810	122973684	875
X	126597761	126602396	4636
X	128500438	128502439	2002
X	129539799	129540128	330
X	134161503	134162053	551
X	135157983	135158313	331
X	137271184	137271406	223
X	138384895	138385220	326
X	138941964	138942285	322
X	143406970	143409968	2999
X	144422075	144424505	2431
X	145329900	145330210	311
X	145943160	145943949	790
X	147509697	147511235	1539
X	149551137	149551472	336
X	149927891	149928848	958
X	150293940	150295715	1776
X	154285299	154285727	429
