1	2911536	2911850	315
1	2919031	2919366	336
1	7570071	7571526	1456
1	10482480	10483779	1300
1	11682893	11683189	297
1	12870541	13185906	315366
1	16151935	16155538	3604
1	16899499	16945621	46123
1	22715564	22735921	20358
1	25116318	25196628	80311
1	25571068	25672138	101071
1	25589146	25662212	73067
1	29347461	29392105	44645
1	35089540	35121160	31621
1	35101421	35111976	10556
1	35102654	35108276	5623
1	37816473	37816722	250
1	38208245	38208408	164
1	53594097	53594948	852
1	53595125	53595603	479
1	56816732	56842261	25530
1	56831106	56834961	3856
1	60048636	60049661	1026
1	63705356	63708146	2791
1	65996626	66047926	51301
1	66024173	66030267	6095
1	70768111	70768434	324
1	72734578	72823386	88809
1	72766085	72811148	45064
1	72766323	72811839	45517
1	73768783	73769134	352
1	74312431	74312682	252
1	75812377	75864182	51806
1	78648491	78660972	12482
1	81381800	81435725	53926
1	82963291	82963615	325
1	84517925	84524629	6705
1	89475908	89478624	2717
1	91914097	91914562	466
1	92232061	92233333	1273
1	94247756	94292908	45153
1	94288372	94291256	2885
1	99179942	99180049	108
1	105218644	105219462	819
1	108402971	108405484	2514
1	108733325	108735803	2479
1	108733325	108737268	3944
1	108733491	108737496	4006
1	110152918	110204963	52046
1	110216919	110260658	43740
1	112074694	112074805	112
1	116200265	116236024	35760
1	117002162	117002292	131
1	145071509	145108296	36788
1	145260675	145392668	131994
1	149682377	149740643	58267
1	152532137	152620444	88308
1	152555176	152586594	31419
1	152746435	152774414	27980
1	152761923	152768700	6778
1	153133706	153133963	258
1	157018860	157019250	391
1	157540650	157540876	227
1	158867530	158869981	2452
1	158955373	158986568	31196
1	158961355	158966211	4857
1	159648707	159649657	951
1	168024559	168025732	1174
1	180741213	180780313	39101
1	180749768	180755393	5626
1	182289324	182289636	313
1	184798670	184858114	59445
1	185009801	185011733	1933
1	187706129	187723754	17626
1	187716104	187722532	6429
1	188539454	188540229	776
1	189668405	189810638	142234
1	189704507	189783359	78853
1	189772005	189777241	5237
1	194060079	194060242	164
1	207541845	207545792	3948
1	207689622	207761132	71511
1	212471135	212472616	1482
1	214770103	214770439	337
1	217404369	217404691	323
1	218082663	218082897	235
1	218167982	218215541	47560
1	218245628	218246489	862
1	222376778	222377098	321
1	229373388	229373762	375
1	229799683	229831189	31507
1	229812533	229820836	8304
1	229816856	229820196	3341
1	232775240	232775538	299
1	232836575	232836759	185
1	236054575	236054913	339
1	236279280	236279829	550
1	236549086	236551329	2244
1	240641206	240641608	403
1	243127771	243129215	1445
1	243782745	243783763	1019
1	246125965	246126155	191
1	246167282	246167379	98
1	247027878	247028188	311
1	247820486	247877345	56860
1	247850462	247856515	6054
1	248640671	248688071	47401
1	248715434	248799250	83817
1	248739516	248797213	57698
1	248849861	248850138	278
10	413875	414166	292
10	2379470	2379797	328
10	5229780	5302665	72886
10	5287299	5293345	6047
10	5868365	5930634	62270
10	6381200	6428950	47751
10	6411563	6417629	6067
10	7077040	7078301	1262
10	8781978	8782307	330
10	9962097	10026235	64139
10	10493409	10493732	324
10	12596202	12596584	383
10	18503075	18503589	515
10	19504657	19504799	143
10	19997015	19998051	1037
10	23635492	23635621	130
10	24376837	24378441	1605
10	26354755	26355098	344
10	29712145	29712720	576
10	29742243	29742966	724
10	31246747	31251776	5030
10	31247142	31251779	4638
10	31443350	31444864	1515
10	32257880	32260612	2733
10	33492640	33492929	290
10	43274200	43274532	333
10	53200007	53221493	21487
10	53203676	53214222	10547
10	53578470	53578799	330
10	56517027	56517340	314
10	58863547	58863866	320
10	59209787	59211867	2081
10	59210505	59211698	1194
10	65509248	65511399	2152
10	66841805	66842061	257
10	71238495	71320179	81685
10	71281003	71291292	10290
10	71282472	71290778	8307
10	72448735	72451334	2600
10	73256581	73256701	121
10	73824656	73824960	305
10	78242715	78269921	27207
10	82904657	82904910	254
10	89007477	89021944	14468
10	93633335	93634562	1228
10	100025118	100025453	336
10	100671772	100724482	52711
10	105053164	105054192	1029
10	107252998	107253351	354
10	107950682	107951595	914
10	108030317	108032541	2225
10	111562687	111597689	35003
10	114100198	114142855	42658
10	117711616	117712002	387
10	119330249	119330432	184
10	122921898	122966549	44652
10	124329452	124398849	69398
10	127745183	127745984	802
10	129935565	129935877	313
10	130007552	130007603	52
10	132372179	132372324	146
10	132909058	132912779	3722
10	133874378	133902346	27969
10	134977410	134977627	218
11	1888956	1948925	59970
11	1915249	1937009	21761
11	1962886	1963065	180
11	3232274	3383905	151632
11	4946245	4997769	51525
11	6600865	6601075	211
11	9338352	9338631	280
11	9794635	9794962	328
11	10260047	10261313	1267
11	10292728	10293834	1107
11	16587162	16587299	138
11	16996169	16996593	425
11	22461458	22505252	43795
11	22470878	22472765	1888
11	24349482	24355548	6067
11	28987325	29047641	60317
11	31393773	31397646	3874
11	34048565	34048853	289
11	41818166	41818859	694
11	41818196	41819022	827
11	42156149	42156478	330
11	45132763	45132956	194
11	45429846	45431613	1768
11	47047247	47072397	25151
11	48928944	48929255	312
11	55367889	55453009	85121
11	58166981	58168149	1169
11	58220607	58220934	328
11	58594188	58596019	1832
11	58809285	58809617	333
11	60971683	61019456	47774
11	61944787	61945085	299
11	65642107	65643519	1413
11	69400840	69401402	563
11	81841962	81874215	32254
11	81856410	81863345	6936
11	84723183	84723395	213
11	92245845	92246492	648
11	92853766	92887893	34128
11	95164023	95183663	19641
11	101289993	101290317	325
11	101416784	101417122	339
11	101534107	101584004	49898
11	101565787	101575258	9472
11	101597860	101597964	105
11	102751104	102753291	2188
11	103949528	103949636	109
11	104262893	104284098	21206
11	105723492	105723823	332
11	110911647	110911818	172
11	124775029	124778298	3270
11	125719438	125719592	155
11	126033443	126077605	44163
11	132558583	132558874	292
11	134600137	134608375	8239
11	134601978	134607661	5684
12	288974	305724	16751
12	292214	297998	5785
12	366791	395823	29033
12	377496	384834	7339
12	1864011	1864326	316
12	6907383	6907639	257
12	7858944	7859088	145
12	8542677	8603512	60836
12	9016852	9017883	1032
12	9609303	9748494	139192
12	9633870	9731637	97768
12	10703487	10703814	328
12	10813066	10813239	174
12	11219431	11251560	32130
12	11231455	11251560	20106
12	11341898	11342212	315
12	11483083	11567644	84562
12	13725905	13726553	649
12	14052323	14052818	496
12	14258601	14258932	332
12	16420123	16421290	1168
12	17607308	17607875	568
12	22047473	22047575	103
12	22546989	22594508	47520
12	23939521	23940088	568
12	30043761	30043947	187
12	30371317	30371742	426
12	31072400	31108649	36250
12	33853139	33853354	216
12	34515475	34515584	110
12	34519774	34522983	3210
12	41183195	41183501	307
12	45903153	45909939	6787
12	45904438	45909537	5100
12	48725466	48728380	2915
12	54245397	54245696	300
12	55727209	55728183	975
12	63946729	63946956	228
12	70594846	70597577	2732
12	71602357	71604473	2117
12	72725140	72725309	170
12	74571808	74572021	214
12	83844044	83844608	565
12	84593108	84596011	2904
12	95344056	95344366	311
12	96010453	96012414	1962
12	98669927	98672090	2164
12	98955401	98959000	3600
12	99765082	99810713	45632
12	99793445	99802770	9326
12	100288344	100291787	3444
12	102090197	102113862	23666
12	102102406	102107086	4681
12	124795816	124795936	121
12	125334397	125334707	311
12	126825401	126825492	92
12	127199963	127200311	349
12	128037977	128038294	318
12	130060287	130060618	332
12	130409171	130409281	111
13	22574676	22574770	95
13	23629013	23638224	9212
13	23632678	23633515	838
13	28268139	28269048	910
13	30200197	30236915	36719
13	30215823	30221844	6022
13	31043601	31043824	224
13	31703544	31705660	2117
13	32014699	32014829	131
13	34192591	34193321	731
13	39057315	39060201	2887
13	40028469	40028791	323
13	45042432	45043105	674
13	47689476	47689790	315
13	50596829	50596972	144
13	51041591	51090903	49313
13	51072595	51073728	1134
13	51760755	51760872	118
13	55941178	55941468	291
13	60172490	60172823	334
13	62015482	62015638	157
13	65637808	65638210	403
13	67174779	67177421	2643
13	68936888	68937266	379
13	72422259	72481688	59430
13	72477264	72480576	3313
13	72477555	72480556	3002
13	72477555	72489377	11823
13	72802234	72874952	72719
13	72807622	72812363	4742
13	72843037	72846924	3888
13	78997609	78998719	1111
13	83165934	83172205	6272
13	85929515	85929693	179
13	92111709	92111830	122
13	98721236	98721556	321
13	99231662	99264753	33092
13	99623702	99623837	136
13	101906943	101907262	320
13	104009854	104010173	320
13	104091764	104092246	483
13	106449323	106449921	599
13	112868967	112869751	785
13	112907356	112999007	91652
13	114505555	114506635	1081
14	21778186	21778401	216
14	21952624	21954662	2039
14	22320490	22376244	55755
14	23087947	23115119	27173
14	23105113	23107948	2836
14	23922246	23922646	401
14	24400565	24512689	112125
14	26147100	26147457	358
14	26283873	26284799	927
14	29728038	29728802	765
14	30986507	30986761	255
14	31813876	31814050	175
14	33391972	33392308	337
14	34514026	34514836	811
14	39004518	39005027	510
14	40595618	40635037	39420
14	40609815	40617672	7858
14	46830458	46830591	134
14	59545298	59545605	308
14	60341397	60343241	1845
14	65360386	65363540	3155
14	70687832	70689453	1622
14	70690052	70690240	189
14	71689957	71690264	308
14	73985277	74035836	50560
14	74234188	74264019	29832
14	74239794	74246936	7143
14	74241688	74245607	3920
14	78124955	78125062	108
14	80103510	80121890	18381
14	80106288	80115049	8762
14	82474423	82538647	64225
14	98783980	98785087	1108
14	100844997	100845330	334
14	104465980	104466116	137
14	105576568	105579669	3102
14	106137699	107103804	966106
15	22336853	22344093	7241
15	24839317	24839639	323
15	25931396	25932380	985
15	26547131	26547242	112
15	27483242	27483346	105
15	34200447	34200714	268
15	37305177	37349667	44491
15	39520102	39520442	341
15	39744390	39744859	470
15	41604020	41604430	411
15	43859260	43996580	137321
15	45570037	45570183	147
15	46067964	46068314	351
15	51897716	51898058	343
15	53784991	53785483	493
15	55190471	55247202	56732
15	58596496	58596817	322
15	64664107	64664226	120
15	64843787	64844213	427
15	66706536	66706705	170
15	67083771	67084069	299
15	71685861	71721097	35237
15	71991545	71991777	233
15	74164205	74164387	183
15	76862152	76914288	52137
15	76883645	76897492	13848
15	76891241	76895775	4535
15	77330746	77332721	1976
15	79084263	79084355	93
15	83275270	83275581	312
15	84540717	84543550	2834
15	84541434	84543848	2415
15	84542885	84543550	666
15	86057007	86059198	2192
15	91809632	91854127	44496
15	98705998	98706417	420
15	98842324	98843807	1484
15	99574511	99575638	1128
15	100686975	100693180	6206
15	101055315	101105339	50025
15	101341487	101342370	884
16	1500694	1500940	247
16	10925104	10925638	535
16	13294465	13296494	2030
16	14075622	14075741	120
16	14470517	14470809	293
16	14748163	14863595	115433
16	16907642	16955202	47561
16	17475649	17479746	4098
16	18808096	18851078	42983
16	19941124	19980329	39206
16	19945395	19969592	24198
16	19945650	19967362	21713
16	20778541	20778861	321
16	22908973	22909251	279
16	25340109	25343127	3019
16	25639376	25640150	775
16	26963254	26963386	133
16	31816780	31847875	31096
16	49454711	49498718	44008
16	56617025	56617359	335
16	57326398	57328247	1850
16	57725395	57727846	2452
16	62046861	62047194	334
16	62514070	62559681	45612
16	62544333	62550668	6336
16	67902228	67951259	49032
16	70553009	70553329	321
16	76168648	76168753	106
16	76294912	76295032	121
16	76519215	76563112	43898
16	76539133	76544026	4894
16	78171665	78172344	680
16	78876652	78877577	926
16	84501438	84504115	2678
16	87981799	87981853	55
17	193767	197057	3291
17	1097750	1098205	456
17	3734784	3735842	1059
17	4640603	4641568	966
17	5595704	5597498	1795
17	7147904	7237174	89271
17	9065215	9065332	118
17	11557370	11557691	322
17	12342129	12389914	47786
17	14189910	14191555	1646
17	15542699	15546790	4092
17	18791138	18792163	1026
17	19571910	19572320	411
17	25536539	25540381	3843
17	30436737	30437055	319
17	39413479	39457008	43530
17	39423014	39430531	7518
17	41437988	41440208	2221
17	44358526	44626137	267612
17	46615800	46617220	1421
17	49154354	49154426	73
17	51826729	51863642	36914
17	60934361	60934485	125
17	66227556	66227777	222
17	66960926	66961259	334
17	76282236	76283430	1195
17	76505129	76505311	183
17	77125448	77125603	156
17	78834686	78835351	666
17	79610351	79610666	316
18	2472723	2472837	115
18	4955592	4955989	398
18	9225118	9225453	336
18	10222278	10223604	1327
18	21990742	21992047	1306
18	22892474	22892804	331
18	24571620	24572341	722
18	26970311	26971937	1627
18	30473758	30505927	32170
18	30495688	30501262	5575
18	37061632	37061962	331
18	38259892	38266749	6858
18	38260420	38265448	5029
18	47680808	47723634	42827
18	50462565	50463030	466
18	51918059	51994274	76216
18	54244949	54245623	675
18	59591597	59591781	185
18	62385767	62386081	315
18	63723345	63732542	9198
18	63727492	63730950	3459
18	66221318	66221641	324
18	66228957	66229335	379
18	70353219	70353421	203
18	71057786	71058716	931
18	73901668	73902040	373
18	74347196	74347997	802
18	74365364	74365670	307
18	76202121	76203340	1220
18	76662488	76666324	3837
18	77057746	77058984	1239
19	8156795	8158412	1618
19	8323484	8385544	62061
19	12660505	12716197	55693
19	12694876	12698930	4055
19	13775677	13776850	1174
19	15045620	15089627	44008
19	15046391	15049477	3087
19	15761936	15762409	474
19	19258018	19258292	275
19	19802232	19802629	398
19	20501702	20729881	228180
19	20596206	20721234	125029
19	20712000	20717973	5974
19	22509119	22509302	184
19	23046895	23047419	525
19	29928922	29965311	36390
19	30369625	30409776	40152
19	33785845	33804488	18644
19	34316367	34316578	212
19	35655281	35702565	47285
19	35659945	35666392	6448
19	36662674	36662971	298
19	36804469	36865415	60947
19	36839645	36847072	7428
19	36843126	36847498	4373
19	37046181	37046497	317
19	40340641	40435505	94865
19	40613089	40615760	2672
19	44957596	44963925	6330
19	46592876	46616759	23884
19	46622734	46628312	5579
19	46796802	46797133	332
19	47528235	47528732	498
19	48378653	48483304	104652
19	49514955	49515261	307
19	49889475	49889799	325
19	51077889	51083292	5404
19	51776407	51776719	313
19	52109105	52186946	77842
19	52948969	52949075	107
19	53084111	53084246	136
19	53095845	53097992	2148
19	54686496	54774525	88030
19	59096465	59096620	156
2	2798772	2799242	471
2	3729236	3748125	18890
2	3885212	3885333	122
2	4211236	4227172	15937
2	4213378	4223167	9790
2	4760431	4808782	48352
2	11248606	11248971	366
2	11474752	11475104	353
2	14696130	14717628	21499
2	14704169	14710116	5948
2	14704949	14710092	5144
2	18574230	18574524	295
2	19180540	19235441	54902
2	30303126	30303272	147
2	33224462	33227292	2831
2	34685618	34742801	57184
2	34695245	34736792	41548
2	34774782	34818927	44146
2	35963580	36029854	66275
2	35977790	35987947	10158
2	42346259	42347318	1060
2	48781835	48784867	3033
2	48990526	48991164	639
2	49561482	49561626	145
2	51926584	51927767	1184
2	51926599	51927714	1116
2	51973823	51974240	418
2	52725177	52807896	82720
2	52749686	52785275	35590
2	52754468	52783672	29205
2	59623256	59631048	7793
2	59623648	59627152	3505
2	66505589	66507553	1965
2	70125044	70125565	522
2	73430931	73431243	313
2	73431854	73482304	50451
2	76557056	76557290	235
2	78117890	78118357	468
2	79076570	79081206	4637
2	86453520	86453592	73
2	86953070	86953854	785
2	88600816	88601142	327
2	89064901	89497929	433029
2	91737800	91792622	54823
2	98140747	98164749	24003
2	102069440	102069612	173
2	102232581	102233587	1007
2	106695077	106695894	818
2	108275310	108279108	3799
2	109310324	109312259	1936
2	111576333	111576746	414
2	116662076	116662656	581
2	119713987	119714124	138
2	121797805	121798399	595
2	123364878	123365376	499
2	123476418	123482301	5884
2	123783289	123783518	230
2	123989134	123989464	331
2	124170256	124170586	331
2	126509711	126510598	888
2	129630420	129649374	18955
2	129638419	129646592	8174
2	129638478	129645321	6844
2	130238881	130253246	14366
2	130242244	130251411	9168
2	130954929	130957403	2475
2	134544274	134544606	333
2	134938463	135003374	64912
2	138490115	138490492	378
2	146839586	146891033	51448
2	146842402	146842549	148
2	146862619	146876862	14244
2	146864404	146875916	11513
2	150759300	150759621	322
2	151026829	151039101	12273
2	151031138	151038246	7109
2	151031451	151037732	6282
2	152401495	152499455	97961
2	154494935	154495152	218
2	156656757	156656860	104
2	170103832	170127864	24033
2	170105115	170111162	6048
2	173160295	173200113	39819
2	173179979	173186104	6126
2	177244405	177291860	47456
2	178287637	178288061	425
2	180057194	180095718	38525
2	180067192	180079144	11953
2	182856914	182857597	684
2	184079419	184119957	40539
2	184085453	184089822	4370
2	184085521	184090946	5426
2	184546948	184547086	139
2	194677202	194712275	35074
2	195477627	195477734	108
2	196214814	196215226	413
2	197614616	197614948	333
2	200312455	200312679	225
2	204180214	204222209	41996
2	208336848	208364377	27530
2	208353119	208359336	6218
2	208474482	208476784	2303
2	209915318	209964719	49402
2	214846564	214846919	356
2	215728761	215730831	2071
2	217068369	217114489	46121
2	217158346	217158727	382
2	217955891	217957266	1376
2	220038193	220066621	28429
2	220052290	220052970	681
2	221882974	221883170	197
2	227681548	227681718	171
2	229949563	229949659	97
2	231325294	231325637	344
2	232679119	232747272	68154
2	233332718	233333480	763
2	236010926	236011112	187
2	239409371	239409697	327
2	241120893	241121083	191
20	1547092	1603832	56741
20	2359903	2360608	706
20	8414040	8414456	417
20	11517265	11517588	324
20	21849902	21850189	288
20	26092751	26094315	1565
20	31327362	31328034	673
20	31516602	31538518	21917
20	31525486	31529389	3904
20	33115811	33116144	334
20	35815609	35815921	313
20	37055110	37055810	701
20	41791262	41791447	186
20	42024594	42025792	1199
20	52637581	52672115	34535
20	52647064	52658002	10939
20	52647808	52658651	10844
20	52866237	52867342	1106
20	53292651	53292965	315
20	54396583	54444011	47429
20	60503394	60548034	44641
20	60570624	60570943	320
20	61304250	61305139	890
20	61724698	61725615	918
21	19914052	19914393	342
21	24374796	24375420	625
21	24828945	24829264	320
21	25710185	25710604	420
21	26825131	26825398	268
21	30552224	30552578	355
21	37014963	37015168	206
21	39863887	39863992	106
21	39900346	39900670	325
21	43350116	43353485	3370
21	44970337	44972812	2476
21	47388021	47389724	1704
21	47779118	47779654	537
22	17026619	17027821	1203
22	17333036	17333646	611
22	17757735	17793992	36258
22	17770145	17779992	9848
22	18033301	18090862	57562
22	19099930	19100625	696
22	20950623	20953860	3238
22	23478353	23479559	1207
22	24195933	24198505	2573
22	24262096	24430118	168023
22	24274142	24311297	37156
22	25327162	25371225	44064
22	31776416	31780625	4210
22	33751617	33751778	162
22	37104357	37112277	7921
22	37123730	37217862	94133
22	37143169	37147895	4727
22	49077626	49077902	277
22	49863269	49863484	216
22	49878410	49878547	138
3	222480	248778	26299
3	230022	232800	2779
3	6651128	6654060	2933
3	6700870	6701253	384
3	7347024	7347322	299
3	8325638	8326811	1174
3	11096142	11113654	17513
3	11108284	11111883	3600
3	13141433	13142582	1150
3	16240556	16241384	829
3	18729953	18730778	826
3	22077850	22133199	55350
3	22092347	22097795	5449
3	26450969	26452298	1330
3	32096573	32116752	20180
3	32806746	32808061	1316
3	32940758	32940854	97
3	33300939	33301247	309
3	33553189	33554075	887
3	41336680	41337229	550
3	45768351	45768676	326
3	47490667	47493440	2774
3	56604699	56604955	257
3	57003270	57003433	164
3	61475048	61475371	324
3	65188453	65214685	26233
3	65188869	65214748	25880
3	65924656	65954872	30217
3	67493286	67517941	24656
3	68608012	68653563	45552
3	68634770	68640253	5484
3	68720921	68769064	48144
3	70415105	70415440	336
3	73063077	73063554	478
3	74765412	74765735	324
3	78779418	78779718	301
3	88348624	88460502	111879
3	89490288	89535466	45179
3	95465764	95470763	5000
3	98892668	98940053	47386
3	98899060	98902389	3330
3	98942745	98949515	6771
3	98944458	98949421	4964
3	99628782	99629631	850
3	99785350	99785656	307
3	100521629	100522507	879
3	103547912	103548231	320
3	104416308	104416445	138
3	106735977	106736232	256
3	110256972	110257256	285
3	118281604	118281828	225
3	124936295	124937163	869
3	129741603	129829487	87885
3	129763195	129806745	43551
3	129763698	129806236	42539
3	130132024	130132904	881
3	131708157	131713017	4861
3	133503766	133505082	1317
3	134673902	134674555	654
3	136017458	136065622	48165
3	136021013	136026199	5187
3	137314454	137316442	1989
3	140193794	140194014	221
3	146368154	146401858	33705
3	146385188	146394861	9674
3	148281434	148285419	3986
3	148729872	148730104	233
3	156092163	156093691	1529
3	159257021	159257690	670
3	159461351	159463464	2114
3	161635511	161635691	181
3	162448965	162449835	871
3	162479653	162654587	174935
3	162512657	162625995	113339
3	162691116	162743249	52134
3	168738454	168738835	382
3	179398609	179398798	190
3	179654339	179654804	466
3	180091669	180092914	1246
3	180918063	180918791	729
3	183876815	183877403	589
3	184125372	184125568	197
3	186567876	186617105	49230
3	187732824	187734762	1939
3	189737344	189740524	3181
3	189738151	189744621	6471
3	190478458	190478634	177
3	190669797	190670120	324
3	192861928	192894880	32953
3	192875329	192885405	10077
3	192875373	192882903	7531
3	193232225	193232464	240
3	194555650	194556284	635
3	195569216	195569932	717
3	196933153	196969565	36413
3	196934045	196939255	5211
4	1373550	1373663	114
4	1602956	1603669	714
4	4097062	4179135	82074
4	6651589	6652910	1322
4	6894837	6896047	1211
4	7496631	7499711	3081
4	7524423	7524667	245
4	9438587	9499818	61232
4	9573062	9573170	109
4	9576977	9577448	472
4	10198623	10252863	54241
4	10210653	10235268	24616
4	10211260	10234567	23308
4	10382443	10409916	27474
4	10392145	10402193	10049
4	10392354	10400668	8315
4	21138131	21199262	61132
4	21292928	21293047	120
4	28421590	28421940	351
4	30057530	30057892	363
4	31492863	31493299	437
4	32540600	32540915	316
4	33846005	33846338	334
4	34744148	34843933	99786
4	34786500	34824725	38226
4	44971996	44972168	173
4	49265281	49322497	57217
4	55808674	55808918	245
4	55998554	55998888	335
4	56311272	56311443	172
4	59925782	59966004	40223
4	60589089	60589207	119
4	69374941	69503681	128741
4	69597937	69598290	354
4	69790855	69791175	321
4	69959841	69960165	325
4	70127644	70234419	106776
4	73831248	73831820	573
4	75611427	75671759	60333
4	79251832	79284571	32740
4	81523353	81831976	308624
4	84221708	84221993	286
4	86310519	86310830	312
4	86976094	86979944	3851
4	86976374	86979951	3578
4	88237813	88283368	45556
4	88775635	88775952	318
4	91582393	91612970	30578
4	91931556	91935836	4281
4	95870448	95870766	319
4	98110644	98110970	327
4	101390634	101390812	179
4	107599957	107613381	13425
4	107604296	107609253	4958
4	107974329	107974487	159
4	108095299	108152170	56872
4	108276696	108279504	2809
4	110498740	110499065	326
4	114135092	114135577	486
4	115743887	115744132	246
4	116156454	116183401	26948
4	116166104	116176125	10022
4	117367795	117368488	694
4	117420629	117420908	280
4	120244558	120244903	346
4	120780798	120781067	270
4	121087087	121087292	206
4	131694838	131695089	252
4	132642264	132689727	47464
4	139441654	139487856	46203
4	141145851	141146143	293
4	145306650	145335216	28567
4	145316445	145319905	3461
4	161035500	161090902	55403
4	161052529	161072119	19591
4	161862734	161893453	30720
4	161878745	161886092	7348
4	163394003	163396420	2418
4	164501940	164502253	314
4	164658298	164659132	835
4	165823217	165823329	113
4	167656874	167711335	54462
4	167677036	167683071	6036
4	167892551	167893740	1190
4	170278460	170278881	422
4	172987736	172993181	5446
4	172988639	172992931	4293
4	173406293	173457588	51296
4	173424947	173428643	3697
4	178514244	178514563	320
4	180063817	180064160	344
4	180097877	180098515	639
4	186441635	186444073	2439
4	187085182	187136414	51233
4	187213980	187214757	778
4	187863640	187901342	37703
4	188959366	188959488	123
4	190032227	190098523	66297
4	190057998	190064272	6275
5	836145	837050	906
5	1178293	1180732	2440
5	1627139	1628841	1703
5	1682463	1682775	313
5	1968395	1971583	3189
5	2769423	2769640	218
5	9400610	9400880	271
5	10756180	10756515	336
5	13400033	13433435	33403
5	13416591	13422853	6263
5	16124810	16125491	682
5	19375269	19376396	1128
5	20990983	20991181	199
5	21450654	21452496	1843
5	25316197	25316504	308
5	26761690	26810299	48610
5	26796698	26801896	5199
5	27524884	27526215	1332
5	28813576	28813829	254
5	33200859	33201171	313
5	35191134	35191471	338
5	36486028	36486301	274
5	42165928	42167769	1842
5	44125522	44125712	191
5	46270652	46275836	5185
5	54081758	54081907	150
5	54814096	54848948	34853
5	57311002	57352746	41745
5	57326027	57333533	7507
5	57653257	57694850	41594
5	63698343	63701356	3014
5	65028083	65030380	2298
5	78109799	78111870	2072
5	78277726	78278045	320
5	79013702	79014009	308
5	79557188	79557502	315
5	82482756	82483062	307
5	83936745	83964244	27500
5	86115337	86117858	2522
5	86246004	86247142	1139
5	90574693	90574986	294
5	91256869	91302581	45713
5	91480767	91481128	362
5	98839889	98842908	3020
5	99608147	99608459	313
5	103812464	103897226	84763
5	103853345	103860542	7198
5	103854163	103861049	6887
5	103860373	103860604	232
5	104419462	104514342	94881
5	104432113	104503672	71560
5	112477827	112478366	540
5	117365569	117410415	44847
5	117387098	117393883	6786
5	117388422	117393156	4735
5	117868222	117868534	313
5	119380146	119382680	2535
5	127336000	127336931	932
5	128378681	128378992	312
5	137789347	137818752	29406
5	137807961	137816957	8997
5	140186936	140201523	14588
5	141459200	141459505	306
5	143080256	143080458	203
5	144871904	144872805	902
5	149746191	149746517	327
5	159742556	159742662	107
5	166150748	166151068	321
5	166402418	166403630	1213
5	171514606	171514931	326
5	176387579	176390180	2602
5	177180399	177225918	45520
5	177227551	177232605	5055
5	178075100	178132799	57700
6	5037249	5039186	1938
6	5898447	5898875	429
6	11444339	11444651	313
6	19423614	19423852	239
6	24774149	24824012	49864
6	25529870	25530011	142
6	29650419	29651085	667
6	29685295	29688242	2948
6	29899782	29901549	1768
6	30462084	30463208	1125
6	30886430	30886570	141
6	31925739	32023216	97478
6	32377877	32378653	777
6	32454275	32571961	117687
6	32498930	32500862	1933
6	32571293	32571687	395
6	32593445	32594242	798
6	32609298	32632000	22703
6	32676573	32677030	458
6	32749230	32749541	312
6	33093407	33093738	332
6	33583197	33585844	2648
6	33919447	33955380	35934
6	33937829	33942697	4869
6	33938403	33942705	4303
6	48930102	48942492	12391
6	48930945	48938533	7589
6	50765956	50766267	312
6	51736109	51736804	696
6	53874118	53952230	78113
6	53924803	53934828	10026
6	53931084	53931870	787
6	55341738	55342333	596
6	55825957	55846712	20756
6	55826137	55846527	20391
6	57595830	57638920	43091
6	57618680	57618879	200
6	58403490	58430407	26918
6	58423849	58428864	5016
6	66374218	66436957	62740
6	66399482	66403852	4371
6	66595036	66595830	795
6	67008811	67048629	39819
6	67040800	67043208	2409
6	68223038	68223313	276
6	68282542	68314049	31508
6	72861072	72888195	27124
6	72863851	72873546	9696
6	73152037	73152154	118
6	74590127	74643177	53051
6	74613195	74620692	7498
6	74832503	74833459	957
6	74849683	74849813	131
6	74865433	74866584	1152
6	74932722	74933073	352
6	77072931	77109263	36333
6	77097245	77103292	6048
6	77098587	77099368	782
6	78956432	79050105	93674
6	78969065	79035185	66121
6	85298815	85350038	51224
6	86684041	86727924	43884
6	89424152	89424460	309
6	95193322	95194336	1015
6	95400827	95400922	96
6	96580133	96580235	103
6	97487390	97487607	218
6	97505053	97505370	318
6	100034501	100035321	821
6	101931887	101958981	27095
6	101934559	101939029	4471
6	103711458	103782840	71383
6	103737464	103763134	25671
6	103737976	103762061	24086
6	105260826	105263757	2932
6	107124532	107124848	317
6	117780555	117780657	103
6	121179099	121179243	145
6	126468007	126468244	238
6	128827777	128829589	1813
6	128976347	128976564	218
6	132101897	132136593	34697
6	132106601	132108785	2185
6	132114228	132118550	4323
6	132375173	132378928	3756
6	132705614	132714040	8427
6	132709357	132713043	3687
6	135144896	135189014	44119
6	136582615	136589299	6685
6	137313693	137314186	494
6	139601345	139607292	5948
6	140952890	140953178	289
6	149632778	149632944	167
6	150302658	150302804	147
6	153021293	153039339	18047
6	153029971	153033789	3819
6	154446915	154447237	323
6	154686527	154686804	278
6	158876076	158876404	329
6	159652109	159652422	314
6	162112863	162113092	230
6	165694448	165747217	52770
6	165724666	165732132	7467
6	165727817	165731928	4112
7	60155	60345	191
7	1850833	1892876	42044
7	4618231	4665963	47733
7	8698628	8698846	219
7	10834751	10834879	129
7	12024230	12024499	270
7	13012784	13030258	17475
7	13022101	13028550	6450
7	13022109	13028285	6177
7	14451264	14451430	167
7	15885449	15885866	418
7	21587706	21587827	122
7	24038161	24040070	1910
7	25027457	25071594	44138
7	25057444	25059853	2410
7	26118646	26155496	36851
7	26140313	26145413	5101
7	28596642	28596859	218
7	29688451	29690143	1693
7	31313177	31327191	14015
7	32378887	32424221	45335
7	32390165	32393247	3083
7	33708273	33708407	135
7	36441168	36441942	775
7	38380984	38407182	26199
7	38513006	38513343	338
7	39814330	39855535	41206
7	47219078	47219174	97
7	49552065	49552383	319
7	49696058	49745946	49889
7	49719838	49725897	6060
7	51555381	51628481	73101
7	51595406	51598709	3304
7	52107107	52107424	318
7	52520171	52520373	203
7	54668973	54669539	567
7	55286743	55289061	2319
7	55409861	55410106	246
7	55676883	55677788	906
7	55971770	55972134	365
7	56203664	56246844	43181
7	56733825	56780475	46651
7	56761980	56769947	7968
7	56762113	56768814	6702
7	65857643	65860104	2462
7	66621964	66676630	54667
7	68129065	68129198	134
7	70407742	70454127	46386
7	70420989	70426141	5153
7	72252767	72305820	53054
7	76870542	76870796	255
7	78357840	78358180	341
7	81441811	81442548	738
7	82946462	82946780	319
7	83050169	83051195	1027
7	89810407	89812599	2193
7	90022137	90022454	318
7	91193710	91251426	57717
7	93169987	93170104	118
7	93391188	93446703	55516
7	93416845	93425492	8648
7	93541816	93542539	724
7	96440164	96494110	53947
7	97385573	97423298	37726
7	97395460	97402475	7016
7	97496333	97496665	333
7	102090768	102387803	297036
7	102505158	102550471	45314
7	103874937	103875244	308
7	108501444	108501545	102
7	108884718	108884847	130
7	110160821	110208234	47414
7	110181965	110188432	6468
7	110182414	110184985	2572
7	113410557	113446843	36287
7	113953501	113953813	313
7	126036436	126076012	39577
7	126045886	126051447	5562
7	126046024	126046615	592
7	126049273	126049601	329
7	127214969	127217981	3013
7	127766414	127766728	315
7	138300258	138300497	240
7	141765705	141793419	27715
7	146883956	146884169	214
7	148072863	148076323	3461
7	148963591	148995725	32135
7	149728690	149765212	36523
7	151057981	151058125	145
7	151230197	151231843	1647
7	156370129	156395135	25007
7	156390036	156394179	4144
8	587296	616629	29334
8	594397	599414	5018
8	594761	598391	3631
8	1322453	1373175	50723
8	2122082	2122346	265
8	2778563	2778787	225
8	4122884	4124972	2089
8	4222049	4222389	341
8	6790871	6791193	323
8	6814119	6881607	67489
8	15219341	15219428	88
8	19055258	19055530	273
8	19980262	19980577	316
8	24972432	24990992	18561
8	24974476	24987355	12880
8	25051431	25085812	34382
8	30808505	30808785	281
8	32653592	32709639	56048
8	32683098	32688413	5316
8	37050879	37051853	975
8	38953621	38953881	261
8	39226075	39390889	164815
8	39232739	39386965	154227
8	39737280	39737510	231
8	40469734	40470383	650
8	40762880	40787916	25037
8	40773845	40779992	6148
8	41950490	41995148	44659
8	42156509	42200097	43589
8	42190431	42194394	3964
8	49093385	49093978	594
8	50009190	50009334	145
8	56107697	56108054	358
8	56676277	56676407	131
8	57300201	57300318	118
8	61204986	61205303	318
8	61945872	61946021	150
8	62035360	62035892	533
8	71583555	71584643	1089
8	73768081	73824077	55997
8	84959372	84959555	184
8	86775646	86866264	90619
8	87175740	87229808	54069
8	94056881	94088117	31237
8	94072327	94077442	5116
8	96875225	96879590	4366
8	103994768	103996595	1828
8	106181395	106181723	329
8	112294051	112297139	3089
8	112294279	112295260	982
8	114862620	114862753	134
8	114934392	114934682	291
8	115079315	115080676	1362
8	120150231	120188957	38727
8	120154542	120161442	6901
8	126336792	126337114	323
8	126579620	126639253	59634
8	127192205	127194571	2367
8	129434559	129500527	65969
8	131850749	131852738	1990
8	134329444	134329766	323
8	135064183	135119435	55253
8	135194240	135195901	1662
8	137156747	137174982	18236
8	138742965	138743861	897
8	144688689	144733452	44764
8	144699095	144715042	15948
8	144700992	144709274	8283
8	145005448	145005561	114
9	4376417	4377644	1228
9	5641632	5642810	1179
9	6729218	6730118	901
9	7371813	7372131	319
9	8640847	8641662	816
9	10404561	10405091	531
9	15805220	15837639	32420
9	15815306	15821940	6635
9	17910043	17911466	1424
9	18286560	18286739	180
9	22487566	22518348	30783
9	22496045	22504892	8848
9	22496640	22502851	6212
9	22653394	22653768	375
9	23347187	23405339	58153
9	23362799	23373484	10686
9	23362801	23377685	14885
9	25594087	25594448	362
9	26512927	26513242	316
9	27788196	27788307	112
9	29092574	29098014	5441
9	29094262	29096271	2010
9	29094549	29097680	3132
9	31239842	31240052	211
9	71714144	71760048	45905
9	71777926	71778244	319
9	73304158	73363098	58941
9	79124512	79124828	317
9	83071656	83072065	410
9	83967917	83970683	2767
9	101309043	101311664	2622
9	101347985	101348316	332
9	104219695	104220378	684
9	104706002	104744693	38692
9	104714245	104724692	10448
9	104714928	104722419	7492
9	109024116	109024427	312
9	110533206	110545471	12266
9	110537535	110540611	3077
9	114902342	114902657	316
9	133023652	133046922	23271
9	133030642	133034801	4160
9	133305073	133305183	111
9	136182525	136182785	261
9	136625194	136626267	1074
9	136761039	136761267	229
9	138214063	138217603	3541
9	138214105	138216906	2802
9	140773610	140777194	3585
X	3034381	3034582	202
X	3294916	3295541	626
X	9698247	9698417	171
X	11711620	11751082	39463
X	12434250	12436813	2564
X	22672564	22672879	316
X	31577450	31577914	465
X	32987322	32989079	1758
X	34423823	34445081	21259
X	48127600	48127762	163
X	56785171	56830199	45029
X	66103777	66103901	125
X	66333799	66333972	174
X	67101603	67135832	34230
X	67123829	67130298	6470
X	69303061	69303273	213
X	70141052	70141314	263
X	73111773	73149873	38101
X	76030109	76030285	177
X	77696852	77697450	599
X	78590426	78590497	72
X	78917932	78931587	13656
X	81042499	81043079	581
X	81079760	81120754	40995
X	81977171	81991626	14456
X	86286771	86287224	454
X	87743057	87743353	297
X	91678133	91680093	1961
X	95050847	95051480	634
X	95286391	95327248	40858
X	103137225	103166252	29028
X	111802225	111802357	133
X	112788553	112788681	129
X	116454345	116454664	320
X	119643311	119643624	314
X	122951241	122952850	1610
X	126591216	126621425	30210
X	128500437	128502439	2003
X	134161502	134162053	552
X	143406976	143409978	3003
X	145943159	145943949	791
X	147509696	147511235	1540
X	150293939	150295715	1777
X	153391266	153558551	167286
X	154775503	154821372	45870
