1	869401	870300	900
1	1598413	1598580	168
1	2619643	2628698	9056
1	2911536	2911850	315
1	2919031	2919366	336
1	7570071	7571526	1456
1	7963150	7963384	235
1	9595612	9597666	2055
1	10482480	10483779	1300
1	11682893	11683189	297
1	13419174	13419574	401
1	16151840	16155539	3700
1	20931949	20932723	775
1	21786418	21786690	273
1	22312145	22335363	23219
1	25158687	25161509	2823
1	26489812	26490138	327
1	28247799	28248108	310
1	31575065	31577331	2267
1	35101421	35111976	10556
1	35627127	35627448	322
1	36733265	36733600	336
1	37816284	37816723	440
1	39998201	40001285	3085
1	42743177	42743492	316
1	43857455	43857791	337
1	46207286	46207598	313
1	46366107	46366436	330
1	53594097	53595604	1508
1	56401282	56401603	322
1	56831106	56834961	3856
1	56887702	56888019	318
1	57242607	57242946	340
1	58343211	58343535	325
1	58743909	58744822	914
1	60048636	60049661	1026
1	62390586	62390935	350
1	63151819	63152158	340
1	63705356	63708146	2791
1	66024173	66030267	6095
1	66263909	66264242	334
1	67201204	67201536	333
1	68007958	68008816	859
1	69806992	69807311	320
1	69943715	69944021	307
1	70027325	70027682	358
1	70768111	70768434	324
1	70946189	70946520	332
1	71112969	71113453	485
1	71741319	71741629	311
1	72766323	72811839	45517
1	73753600	73753915	316
1	73768783	73769134	352
1	74312431	74312682	252
1	74755168	74755289	122
1	76011865	76012195	331
1	77100366	77100649	284
1	78649130	78654154	5025
1	79401508	79401830	323
1	80114172	80114489	318
1	80221780	80223040	1261
1	81404757	81410948	6192
1	81687784	81688113	330
1	82963291	82963615	325
1	83042644	83042964	321
1	83125976	83127601	1626
1	84517925	84524629	6705
1	85748620	85748950	331
1	86405790	86406118	329
1	86740980	86741697	718
1	89475908	89478624	2717
1	91624771	91625054	284
1	91914095	91914550	456
1	92232061	92233333	1273
1	94288372	94291256	2885
1	95690510	95690829	320
1	99179942	99180049	108
1	103047678	103048008	331
1	103096065	103096384	320
1	105428309	105428639	331
1	105866770	105867044	275
1	106969617	106969779	163
1	108402971	108405484	2514
1	108733301	108737200	3900
1	109573231	109575180	1950
1	109597719	109598050	332
1	110187163	110191395	4233
1	112074694	112074805	112
1	112835087	112837665	2579
1	113715631	113715920	290
1	114039827	114045877	6051
1	115796888	115797172	285
1	116229483	116232840	3358
1	117002162	117002292	131
1	118091036	118091258	223
1	120123685	120154682	30998
1	120548416	120551444	3029
1	144894092	144895088	997
1	144901180	144906809	5630
1	144954613	144955361	749
1	145026729	145027052	324
1	145080057	145189558	109502
1	148008074	148014688	6615
1	149714449	149718286	3838
1	150691435	150691769	335
1	151905214	151905314	101
1	152555542	152587740	32199
1	153133706	153133963	258
1	153215877	153216600	724
1	156526704	156528935	2232
1	157018860	157019250	391
1	157540661	157540876	216
1	158867533	158870025	2493
1	158961351	158966201	4851
1	159648707	159649657	951
1	160935020	160935336	317
1	162052665	162052985	321
1	165731209	165731489	281
1	168024559	168025732	1174
1	176478217	176478773	557
1	180183831	180184150	320
1	180292989	180293313	325
1	180749768	180755393	5626
1	182289324	182289636	313
1	184768856	184769178	323
1	184814728	184820784	6057
1	184937037	184937359	323
1	185009801	185011733	1933
1	185373096	185373434	339
1	187716104	187722532	6429
1	188539454	188540229	776
1	188994948	188995283	336
1	189704507	189783356	78850
1	190837319	190837490	172
1	193235430	193235657	228
1	194060079	194060242	164
1	194451079	194454312	3234
1	194517607	194517867	261
1	196158046	196158323	278
1	197500508	197503271	2764
1	197894018	197894314	297
1	199438726	199440233	1508
1	207292401	207293200	800
1	207542001	207545600	3600
1	211965060	211965832	773
1	212471135	212472616	1482
1	213084227	213086169	1943
1	214770103	214770439	337
1	217404368	217404681	314
1	217754074	217754377	304
1	218082663	218082897	235
1	218182488	218188594	6107
1	218245628	218246489	862
1	218785913	218786233	321
1	222034143	222034475	333
1	222374165	222380539	6375
1	224247102	224247578	477
1	224392821	224393134	314
1	225133646	225248670	115025
1	225256531	225256801	271
1	225344401	225344715	315
1	225762315	225762633	319
1	226006765	226006944	180
1	227166203	227166447	245
1	228024093	228024405	313
1	228361801	228362200	400
1	228572160	228572489	330
1	228814805	228815141	337
1	229373388	229373784	397
1	229812533	229820836	8304
1	230470915	230471317	403
1	232423118	232423446	329
1	232775529	232775843	315
1	232836575	232836759	185
1	233865139	233865470	332
1	234318644	234319747	1104
1	234587202	234587512	311
1	235298399	235298583	185
1	235537069	235538400	1332
1	236054575	236054913	339
1	236279280	236279829	550
1	236549086	236551329	2244
1	236594925	236595250	326
1	240616990	240617314	325
1	240641206	240641608	403
1	241149856	241150181	326
1	241360537	241360852	316
1	241586225	241586488	264
1	243127771	243129215	1445
1	243782745	243783817	1073
1	245845701	245846006	306
1	246125965	246126155	191
1	246438667	246438912	246
1	246439449	246439697	249
1	246683340	246685356	2017
1	246946301	246946708	408
1	247027878	247028188	311
1	247850462	247856515	6054
1	248051478	248057638	6161
1	248839548	248840900	1353
1	248849861	248850138	278
10	535647	536100	454
10	724501	725500	1000
10	782026	784362	2337
10	839671	840176	506
10	1537791	1537898	108
10	1602667	1602799	133
10	2379470	2379797	328
10	3095679	3095931	253
10	4290062	4291682	1621
10	4634801	4635120	320
10	4708518	4710522	2005
10	5202004	5324861	122858
10	5287299	5293345	6047
10	5889559	5892817	3259
10	6097370	6097868	499
10	6252501	6252908	408
10	6411563	6417629	6067
10	7077040	7078301	1262
10	7793788	7794038	251
10	8781978	8782307	330
10	9438208	9438376	169
10	9519815	9520121	307
10	10493409	10493732	324
10	10708535	10708852	318
10	12596202	12596584	383
10	14936348	14936665	318
10	15532464	15532774	311
10	18503075	18503589	515
10	19397308	19397645	338
10	19504645	19504784	140
10	19996598	19998068	1471
10	20667245	20667565	321
10	23635492	23635621	130
10	24376837	24378441	1605
10	25098081	25098419	339
10	26354751	26355068	318
10	26767941	26768247	307
10	27224200	27228085	3886
10	29712145	29712720	576
10	29742243	29742966	724
10	31246793	31251800	5008
10	31443350	31444864	1515
10	32257880	32260612	2733
10	32705726	32706064	339
10	33492640	33492929	290
10	38271985	38272142	158
10	42701551	42716790	15240
10	43274200	43274532	333
10	44901298	44901606	309
10	47088375	47088703	329
10	47642601	47643300	700
10	49917156	49917479	324
10	53203676	53214222	10547
10	53578470	53578799	330
10	53827667	53827985	319
10	54441196	54441513	318
10	54860810	54861129	320
10	56517027	56517340	314
10	57702025	57702365	341
10	58863547	58863866	320
10	59015217	59015559	343
10	59209787	59211853	2067
10	61365481	61365800	320
10	63743614	63743792	179
10	65509248	65511399	2152
10	66841805	66842061	257
10	67032386	67032801	416
10	70634324	70634436	113
10	70998108	70998431	324
10	71281003	71291092	10090
10	71314854	71315168	315
10	72448735	72451334	2600
10	73256581	73256701	121
10	73824656	73824960	305
10	78255572	78261019	5448
10	78800902	78801221	320
10	81788860	81804607	15748
10	82904657	82904910	254
10	84400756	84400905	150
10	88666175	88666515	341
10	89275797	89276568	772
10	90454978	90455103	126
10	91547384	91547720	337
10	91809911	91810221	311
10	92969225	92969563	339
10	93633335	93634562	1228
10	94134599	94137653	3055
10	95545477	95546495	1019
10	97207054	97208027	974
10	99034863	99037397	2535
10	100025118	100025453	336
10	104528122	104528447	326
10	104645247	104645586	340
10	105053164	105054192	1029
10	105097522	105097836	315
10	107252998	107253351	354
10	107950682	107951595	914
10	107997186	107997290	105
10	108030317	108032541	2225
10	111036377	111036697	321
10	111572110	111578216	6107
10	113191548	113191858	311
10	114112181	114116658	4478
10	114157784	114158122	339
10	117711616	117712002	387
10	118265309	118265632	324
10	119330249	119330432	184
10	119634274	119634605	332
10	121154031	121154261	231
10	121186453	121186822	370
10	122226654	122228803	2150
10	122701137	122701429	293
10	127191655	127197234	5580
10	127745180	127745980	801
10	128106472	128106786	315
10	129226677	129227100	424
10	129935565	129935877	313
10	132272027	132272167	141
10	132372179	132372324	146
10	132909058	132912779	3722
10	132988684	132991208	2525
10	134319301	134320200	900
10	134727586	134728300	715
10	134953604	134953841	238
10	134977390	134977606	217
10	135105335	135105979	645
11	190950	191169	220
11	677316	677770	455
11	1915274	1936955	21682
11	1962869	1963065	197
11	2215311	2215565	255
11	5106964	5107211	248
11	5760087	5762365	2279
11	6881301	6882000	700
11	7428579	7428910	332
11	7716903	7717219	317
11	7790292	7792000	1709
11	9525815	9526800	986
11	9794573	9794899	327
11	10260047	10261313	1267
11	10292728	10293834	1107
11	11875586	11876700	1115
11	12152544	12152868	325
11	12943732	12944009	278
11	14348310	14348626	317
11	16597563	16597886	324
11	16996169	16996593	425
11	17195839	17196152	314
11	18941972	18986393	44422
11	22470878	22472765	1888
11	24349482	24355548	6067
11	25564422	25564813	392
11	27307869	27308202	334
11	27657263	27657595	333
11	29006901	29012900	6000
11	29748267	29748603	337
11	29967578	29968466	889
11	31152431	31152747	317
11	31393773	31397646	3874
11	31916713	31917042	330
11	32777201	32778000	800
11	33537672	33537995	324
11	34048595	34048799	205
11	34728121	34728616	496
11	37793218	37793347	130
11	39805114	39805449	336
11	41007018	41007340	323
11	41818196	41819022	827
11	41822280	41822607	328
11	42156149	42156478	330
11	42464098	42464409	312
11	43891829	43892165	337
11	43909593	43909899	307
11	45132763	45132956	194
11	45429846	45431613	1768
11	47057588	47063706	6119
11	48120061	48120370	310
11	48446814	48447110	297
11	48600856	48604282	3427
11	48690002	48690171	170
11	48734582	48737000	2419
11	48880738	48881764	1027
11	48928944	48929255	312
11	48944698	48945369	672
11	48948711	48949222	512
11	49425081	49425416	336
11	50640217	50641074	858
11	51341166	51362969	21804
11	51577801	51581815	4015
11	54836054	54837619	1566
11	55488947	55489275	329
11	57962828	57963155	328
11	58166981	58168149	1169
11	58220607	58220934	328
11	58587131	58587988	858
11	58594188	58596019	1832
11	58809285	58809617	333
11	61107785	61108124	340
11	61944787	61945085	299
11	63698908	63701653	2746
11	65642107	65643519	1413
11	66227577	66227937	361
11	66711481	66713286	1806
11	67642224	67644843	2620
11	68183093	68183403	311
11	69400840	69401402	563
11	70040381	70040745	365
11	71861597	71861912	316
11	74145057	74145404	348
11	76445324	76445459	136
11	81856410	81863345	6936
11	83143380	83143660	281
11	89623308	89634085	10778
11	89932513	89932852	340
11	92245997	92246301	305
11	92869786	92875913	6128
11	93102800	93103118	319
11	93679229	93681423	2195
11	95169379	95175431	6053
11	96614759	96615086	328
11	99276322	99276662	341
11	101289993	101290317	325
11	101416772	101417102	331
11	102471846	102472162	317
11	102751104	102752802	1699
11	103087928	103088084	157
11	103410821	103411134	314
11	104010473	104010817	345
11	104180380	104180723	344
11	104267748	104273229	5482
11	105723492	105723823	332
11	110489463	110490007	545
11	110911647	110911818	172
11	119719513	119719801	289
11	122347576	122349280	1705
11	124775034	124778298	3265
11	124830138	124830246	109
11	125053085	125053375	291
11	127787314	127787416	103
11	132354684	133364746	1010063
11	132558583	132558874	292
11	134151284	134214380	63097
11	134327329	134327800	472
11	134400101	134400600	500
11	134601978	134607661	5684
11	134804826	134806100	1275
12	292228	297965	5738
12	377496	384829	7334
12	1028785	1029591	807
12	1194873	1200053	5181
12	1864011	1864326	316
12	2214836	2215558	723
12	3306801	3308000	1200
12	5082201	5083200	1000
12	6538201	6538666	466
12	6907383	6907639	257
12	8558485	8591200	32716
12	8625578	8625889	312
12	9016852	9017883	1032
12	9615551	9615867	317
12	10703487	10703814	328
12	10813066	10813239	174
12	11258524	11258838	315
12	11341898	11342212	315
12	12263338	12263671	334
12	13725905	13726553	649
12	14052323	14052818	496
12	14258601	14258932	332
12	16420123	16421282	1160
12	17894161	17894388	228
12	18317401	18318000	600
12	20862519	20862857	339
12	21775415	21775734	320
12	22047473	22047575	103
12	23795725	23796038	314
12	23939521	23940088	568
12	24460414	24460696	283
12	26511020	26511352	333
12	27433987	27434318	332
12	29573407	29573748	342
12	30043758	30043941	184
12	30371317	30371742	426
12	32963599	32963914	316
12	33853139	33853354	216
12	34515475	34515584	110
12	34845025	34849137	4113
12	37991225	37994633	3409
12	38010145	38018095	7951
12	38084803	38085657	855
12	39527955	39529157	1203
12	40864969	40865091	123
12	41183195	41183501	307
12	41659816	41660133	318
12	42238053	42238877	825
12	43654405	43654752	348
12	43977449	43979549	2101
12	45903153	45909939	6787
12	47075350	47075698	349
12	48725466	48728380	2915
12	50272565	50273865	1301
12	51216434	51218459	2026
12	54245407	54245696	290
12	55727209	55728183	975
12	61736528	61736798	271
12	62295031	62295217	187
12	63923807	64141654	217848
12	65134827	65135003	177
12	70594846	70597577	2732
12	71602357	71604473	2117
12	72356601	72358200	1600
12	73293527	73293668	142
12	74034355	74034463	109
12	74571808	74572021	214
12	83844044	83844608	565
12	83959217	83959533	317
12	84042269	84042582	314
12	84484484	84484800	317
12	84593108	84596011	2904
12	86523315	86523635	321
12	90846372	90846576	205
12	94358328	94358640	313
12	95244024	95244447	424
12	95344056	95344366	311
12	96010453	96012414	1962
12	96233581	96236327	2747
12	96340345	96342954	2610
12	97554727	97555055	329
12	98669927	98672090	2164
12	98955401	98959000	3600
12	99793947	99802770	8824
12	100288344	100291787	3444
12	102099002	102099664	663
12	102102406	102107086	4681
12	104293395	104293723	329
12	104379506	104380725	1220
12	105773514	105773838	325
12	109158837	109161883	3047
12	113071989	113072197	209
12	114502197	114502413	217
12	122289583	122289928	346
12	123010338	123010667	330
12	124795816	124795936	121
12	124824145	124824277	133
12	125334397	125334707	311
12	127199948	127200287	340
12	127502624	127502852	229
12	127660426	127660752	327
12	128037977	128038294	318
12	129489301	129489852	552
12	129872856	129873682	827
12	130060287	130060618	332
12	130123025	130123165	141
12	132170948	132171237	290
12	133067445	133084736	17292
13	19476796	19477098	303
13	20342501	20343480	980
13	21729189	21732160	2972
13	21732161	21742226	10066
13	21742538	21746477	3940
13	22317495	22317569	75
13	23055208	23055515	308
13	23507328	24940573	1433246
13	25721017	25721336	320
13	28268139	28269048	910
13	28625931	28626481	551
13	28839856	28840181	326
13	29722594	29722914	321
13	29786356	29922136	135781
13	29954757	29955081	325
13	30215823	30221844	6022
13	31043601	31043824	224
13	31175585	31175920	336
13	31418212	31418481	270
13	31703544	31705657	2114
13	32014699	32014829	131
13	34192591	34193321	731
13	37414465	37414785	321
13	39057315	39060201	2887
13	39934182	39935480	1299
13	40028469	40028791	323
13	41271111	41271423	313
13	42755997	42756204	208
13	42946047	42946378	332
13	43539794	43541447	1654
13	44380306	44380651	346
13	45042432	45043105	674
13	45953195	45957091	3897
13	46005378	46005722	345
13	47689476	47689790	315
13	48419925	48420081	157
13	51069346	51075078	5733
13	51551934	51552263	330
13	51760755	51760872	118
13	55941178	55941468	291
13	56151096	56151219	124
13	57975500	57975848	349
13	60172490	60172823	334
13	60932452	60932557	106
13	61286423	61287488	1066
13	61958690	61959020	331
13	62015482	62015638	157
13	63523803	63524119	317
13	63656183	63656510	328
13	64412817	64413805	989
13	65637808	65638210	403
13	67174779	67177421	2643
13	68936888	68937266	379
13	69966662	69966961	300
13	70036391	70036717	327
13	72477264	72480576	3313
13	72807622	72812358	4737
13	72843037	72846924	3888
13	72956710	72957020	311
13	74074911	74075239	329
13	76639273	76639600	328
13	78997609	78998719	1111
13	79661067	79661402	336
13	80678313	80678630	318
13	81747236	81747564	329
13	82889194	82889537	344
13	83165934	83172205	6272
13	83179448	83179755	308
13	85929515	85929693	179
13	85936700	85937631	932
13	89003264	89003600	337
13	89073248	89073539	292
13	89253454	89253781	328
13	91160038	91160287	250
13	92111709	92111830	122
13	92279248	92279583	336
13	96633422	96633740	319
13	98721236	98721556	321
13	99254182	99258525	4344
13	99623702	99623837	136
13	101894143	101896424	2282
13	101906943	101907262	320
13	103931643	103931958	316
13	104009854	104010173	320
13	104091764	104092246	483
13	104144377	104144660	284
13	105161209	105161523	315
13	105177385	105177505	121
13	105708090	105708434	345
13	106449323	106449921	599
13	107924538	107924861	324
13	109361745	109362437	693
13	110965837	110966222	386
13	111559414	111559652	239
13	111704498	111704955	458
13	112093756	112093879	124
13	112850852	112851199	348
13	113499501	113500100	600
13	113790936	113791263	328
13	114505555	114506635	1081
13	114579396	114579702	307
13	114754102	114755047	946
14	21536131	21536457	327
14	21778186	21778401	216
14	21952624	21954662	2039
14	23105013	23109370	4358
14	23922246	23922646	401
14	24428951	24464081	35131
14	24471157	24473172	2016
14	26147100	26147457	358
14	26283873	26284799	927
14	26701607	26701918	312
14	29728038	29728802	765
14	31262984	31263314	331
14	31813876	31814050	175
14	33391972	33392308	337
14	33435780	33436003	224
14	34290035	34290374	340
14	34514026	34514836	811
14	35305290	35305621	332
14	38245235	38245451	217
14	39004518	39005027	510
14	40114001	40114721	721
14	40609815	40617672	7858
14	42486321	42486636	316
14	42879145	42879361	217
14	45888149	45888467	319
14	46577923	46578243	321
14	48334241	48334556	316
14	50118870	50119027	158
14	50287692	50288220	529
14	52393868	52393974	107
14	54564051	54564385	335
14	59545298	59545605	308
14	59883478	59884078	601
14	60341397	60343241	1845
14	65360386	65363540	3155
14	65606401	65608100	1700
14	68603031	68603731	701
14	70687832	70689453	1622
14	70690052	70690240	189
14	71320960	71321253	294
14	71437827	71438160	334
14	71689957	71690264	308
14	74007214	74039116	31903
14	74239794	74246936	7143
14	78124955	78125062	108
14	78249852	78250190	339
14	78828233	78828584	352
14	80106288	80115049	8762
14	81469115	81469427	313
14	81597040	81597359	320
14	82499110	82503330	4221
14	83019601	83019882	282
14	83635836	83636483	648
14	85139145	85139625	481
14	86931750	86931802	53
14	87858056	87858383	328
14	88890018	88890176	159
14	89408828	89409078	251
14	98783980	98785087	1108
14	100844997	100845330	334
14	101990866	101991202	337
14	103764021	103764125	105
14	105273979	105274800	822
14	105411801	105412600	800
14	105415201	105415700	500
14	105417204	105418194	991
14	105576657	105579582	2926
14	106039621	106325913	286293
14	106330472	106691670	361199
14	106789206	106790042	837
14	106932637	107174927	242291
15	20581463	20589613	8151
15	22511569	22512109	541
15	23671444	23675251	3808
15	24107713	24107876	164
15	24207057	24207366	310
15	25461034	25472600	11567
15	25931396	25932380	985
15	26547131	26547240	110
15	27021455	27021796	342
15	27483242	27483346	105
15	29411474	29411896	423
15	32291220	32291528	309
15	34200447	34200714	268
15	35009016	35009351	336
15	39267004	39267358	355
15	39372369	39373475	1107
15	39520102	39520442	341
15	39744390	39744859	470
15	41604020	41604430	411
15	42017735	42018067	333
15	43660427	43660753	327
15	45570037	45570183	147
15	46067964	46068314	351
15	51897701	51898040	340
15	52525183	52525516	334
15	55218215	55224424	6210
15	55429892	55430213	322
15	58282108	58282214	107
15	58596496	58596817	322
15	59712886	59713217	332
15	64633178	64633503	326
15	64664107	64664226	120
15	64843787	64844213	427
15	66633812	66634133	322
15	66706536	66706683	148
15	67083771	67084069	299
15	68426002	68428927	2926
15	68713338	68713558	221
15	69049567	69049896	330
15	71708609	71713690	5082
15	71885475	71885813	339
15	71991545	71991777	233
15	72385965	72388158	2194
15	74164205	74164387	183
15	76884596	76896938	12343
15	77330746	77332721	1976
15	77369938	77370204	267
15	77910861	77911235	375
15	79891843	79892164	322
15	79911586	79911898	313
15	80110684	80110971	288
15	82565877	82567801	1925
15	83275270	83275581	312
15	83551667	83557700	6034
15	84541434	84543848	2415
15	85462034	85462166	133
15	86057007	86059198	2192
15	87700065	87700500	436
15	91173990	91174351	362
15	93515787	93516100	314
15	93710946	93711211	266
15	98226938	98227084	147
15	98706089	98706417	329
15	98842324	98843807	1484
15	99574482	99575608	1127
15	101051773	101052300	528
15	101259320	101260473	1154
15	101341487	101342370	884
15	101453067	101453376	310
16	530776	531087	312
16	799492	799799	308
16	1422801	1424200	1400
16	3263277	3263572	296
16	8066621	8066947	327
16	8614237	8614973	737
16	10925104	10925638	535
16	11683733	11685294	1562
16	12002319	12002644	326
16	13294465	13296494	2030
16	13944336	13944439	104
16	14075622	14075741	120
16	14470517	14470809	293
16	16934363	16940414	6052
16	18832524	18838376	5853
16	19230429	19230781	353
16	19945550	19967579	22030
16	20778541	20778861	321
16	22908966	22909243	278
16	23047775	23049531	1757
16	23528535	23528848	314
16	23910886	23911192	307
16	25340109	25343127	3019
16	25639376	25640150	775
16	26608023	26608365	343
16	26963254	26963386	133
16	27050120	27050243	124
16	28609318	28622312	12995
16	31327359	31327551	193
16	32042176	33368402	1326227
16	33374049	33379405	5357
16	33485940	33486255	316
16	49036072	49036207	136
16	49979396	49979710	315
16	56574586	56574756	171
16	56617025	56617359	335
16	57326388	57328200	1813
16	57366311	57367118	808
16	57725395	57727846	2452
16	60032082	60032396	315
16	61459696	61460058	363
16	62046861	62047194	334
16	62544333	62550668	6336
16	63442423	63442753	331
16	65519998	65520319	322
16	66823193	66823527	335
16	70553009	70553329	321
16	72753292	72753597	306
16	76168648	76168753	106
16	76294912	76295032	121
16	76539133	76544025	4893
16	78038526	78041189	2664
16	78171665	78172344	680
16	78876652	78877577	926
16	80196900	80197002	103
16	80468630	80468943	314
16	81119464	81119817	354
16	81173633	81174202	570
16	82164197	82164502	306
16	84501438	84504115	2678
16	85149487	85150075	589
16	86284308	86284616	309
16	86637163	86637400	238
16	88087059	88087896	838
16	88155656	88155861	206
16	88240201	88241300	1100
16	89799096	89799327	232
17	20501	21722	1222
17	193701	197100	3400
17	723801	724940	1140
17	1097750	1098205	456
17	2194920	2195055	136
17	2719928	2721217	1290
17	3734784	3735842	1059
17	4640607	4641370	764
17	4733550	4734200	651
17	5595704	5597498	1795
17	5933606	5933923	318
17	6036573	6036699	127
17	6940388	6940763	376
17	6988801	6990094	1294
17	8011069	8011400	332
17	9065215	9065332	118
17	10203420	10203771	352
17	11557370	11557691	322
17	12196579	12196896	318
17	12345401	12347400	2000
17	12353133	12359254	6122
17	13220477	13220804	328
17	13704544	13704833	290
17	14189910	14191555	1646
17	15863568	15863886	319
17	16048722	16048915	194
17	17230374	17231250	877
17	18593064	18593410	347
17	18637469	18637785	317
17	18791138	18792163	1026
17	19543417	19543725	309
17	19571910	19572320	411
17	20662587	20663060	474
17	21556717	21558068	1352
17	25536539	25540381	3843
17	26780385	26783491	3107
17	27019279	27019956	678
17	28988460	28989029	570
17	30436737	30437055	319
17	34376278	34376609	332
17	35143423	35143742	320
17	35755601	35758815	3215
17	36963401	36964927	1527
17	38377901	38378400	500
17	39243732	39274120	30389
17	39421775	39432200	10426
17	44432306	44650364	218059
17	44888488	44888655	168
17	45634782	45635284	503
17	46615800	46617220	1421
17	47228439	47228769	331
17	51852787	51860740	7954
17	55089701	55095600	5900
17	60934361	60934485	125
17	64930540	64930856	317
17	65520854	65521184	331
17	65727354	65727630	277
17	66227556	66227777	222
17	66960926	66961259	334
17	67087651	67087962	312
17	69852139	69852466	328
17	71188967	71189069	103
17	72393115	72393249	135
17	74987520	74987839	320
17	75235948	75236290	343
17	75988282	75988597	316
17	76282236	76283430	1195
17	76505129	76505311	183
17	77125448	77125603	156
17	78834686	78835351	666
17	79470484	79471471	988
17	79610351	79610666	316
17	80369874	80369982	109
17	80941993	80942167	175
17	80983001	80983600	600
17	81026113	81026826	714
18	837103	837419	317
18	1852007	1852351	345
18	2472723	2472837	115
18	4955592	4955989	398
18	5306829	5307315	487
18	5324618	5326242	1625
18	9036083	9036372	290
18	9225118	9225453	336
18	9621929	9622235	307
18	10222278	10223604	1327
18	10462404	10462651	248
18	12851182	12851511	330
18	13143165	13144157	993
18	13887079	13887516	438
18	14822941	14823304	364
18	21990742	21992047	1306
18	22892480	22892804	325
18	24571620	24572341	722
18	25827876	25828209	334
18	26363743	26364064	322
18	27363957	27364726	770
18	27629680	27630006	327
18	27872570	27872899	330
18	30495688	30501256	5569
18	32661954	32662271	318
18	37061632	37061962	331
18	38259892	38266749	6858
18	38864784	38868343	3560
18	41031544	41032528	985
18	41453427	41453755	329
18	43261003	43261328	326
18	44338417	44338754	338
18	44382709	44383059	351
18	45379613	45379807	195
18	45996143	45996460	318
18	46979020	46979601	582
18	47019851	47020173	323
18	47694973	47698386	3414
18	50462565	50463030	466
18	50925977	50926300	324
18	51952963	51956959	3997
18	54244949	54245623	675
18	54946737	54948717	1981
18	55345750	55346345	596
18	55671122	55671428	307
18	55801577	55801903	327
18	59591597	59591781	185
18	59672701	59674200	1500
18	59728661	59728772	112
18	62385767	62386081	315
18	63533254	63533622	369
18	63723831	63732361	8531
18	63766869	63769202	2334
18	66221318	66221641	324
18	66228957	66229335	379
18	67949598	67949923	326
18	68383425	68405023	21599
18	68846724	68847058	335
18	69712015	69712888	874
18	69896759	69897075	317
18	70353219	70353421	203
18	70978846	70979161	316
18	71273396	71273717	322
18	71444207	71444542	336
18	72152428	72152768	341
18	73570006	73570331	326
18	73901668	73902040	373
18	74347153	74347997	845
18	74365364	74365670	307
18	74769770	74770071	302
18	75261107	75261515	409
18	75266997	75268159	1163
18	75997260	75997615	356
18	76202121	76203340	1220
18	76373631	76374370	740
18	76662488	76666324	3837
18	77057746	77058984	1239
18	77168992	77169192	201
18	77309941	77312081	2141
18	77408483	77408668	186
18	77499801	77500200	400
19	786550	786695	146
19	837859	838174	316
19	1923870	1924005	136
19	2909502	2910825	1324
19	3173280	3175776	2497
19	3710986	3711400	415
19	3715943	3717503	1561
19	6163199	6163490	292
19	6987463	6987792	330
19	8514410	8514717	308
19	11517485	11518622	1138
19	12556733	12558316	1584
19	12694876	12698930	4055
19	13775687	13776850	1164
19	14732329	14734126	1798
19	15046391	15049477	3087
19	15761936	15762409	474
19	17748501	17748994	494
19	18242158	18242478	321
19	19258018	19258292	275
19	19802232	19802612	381
19	20176716	20177026	311
19	20587901	20718000	130100
19	20979999	20980361	363
19	21903050	21905567	2518
19	22509119	22509302	184
19	22835023	22835190	168
19	23046897	23047419	523
19	23140901	23142920	2020
19	23320788	23321105	318
19	23465127	23466772	1646
19	23986393	23986715	323
19	24541756	24541912	157
19	27961363	27963246	1884
19	29950184	29956167	5984
19	30289450	30289556	107
19	30386518	30386741	224
19	30388790	30393100	4311
19	31287501	31289800	2300
19	34316367	34316578	212
19	35661079	35665797	4719
19	36662637	36662963	327
19	36840751	36847072	6322
19	37046181	37046497	317
19	37284317	37284627	311
19	40613089	40615760	2672
19	43167386	43167864	479
19	43284480	43790154	505675
19	45904007	45904332	326
19	46278652	46279628	977
19	46314914	46316823	1910
19	46622734	46628312	5579
19	46796792	46797121	330
19	46956101	46956428	328
19	49889475	49889799	325
19	51077889	51082511	4623
19	51776390	51776701	312
19	52175929	52177513	1585
19	52948969	52949075	107
19	53084111	53084246	136
19	53096006	53097608	1603
19	53186992	53482493	295502
19	53422197	53424207	2011
19	53602313	53632234	29922
19	53689169	53691951	2783
19	53936695	53973483	36789
19	54169234	54171720	2487
19	54383503	54383711	209
19	54810770	54811491	722
19	55255454	55286828	31375
19	55470575	55472032	1458
19	55604701	55605640	940
19	56041811	56042147	337
19	57111544	57111862	319
19	59096465	59096620	156
2	495160	495790	631
2	1358009	1358452	444
2	1526995	1527079	85
2	1528370	1529014	645
2	1533874	1536886	3013
2	1623001	1623500	500
2	2726279	2726622	344
2	2798772	2799242	471
2	3732805	3738028	5224
2	3885212	3885333	122
2	4100552	4100656	105
2	4212701	4223500	10800
2	4781291	4787356	6066
2	5209176	5209502	327
2	5487768	5488035	268
2	8616794	8617101	308
2	10152059	10155406	3348
2	11248606	11248971	366
2	11474759	11475104	346
2	11520473	11520953	481
2	14704169	14710116	5948
2	15166285	15166611	327
2	16251103	16251428	326
2	18574230	18574524	295
2	18906146	18907348	1203
2	19195277	19213771	18495
2	22688473	22689983	1511
2	25227620	25227935	316
2	28353920	28354247	328
2	33224462	33227292	2831
2	34523654	34525719	2066
2	34643630	34643937	308
2	34695829	34736567	40739
2	34797609	34801576	3968
2	35975984	35997142	21159
2	36732501	36732908	408
2	36955660	36955976	317
2	39071477	39071819	343
2	40446946	40447073	128
2	40978139	40978471	333
2	41973141	41975865	2725
2	42346259	42347318	1060
2	43129248	43129579	332
2	44783587	44783908	322
2	46910132	46910448	317
2	48781835	48784867	3033
2	48990526	48991164	639
2	49561482	49561626	145
2	49612882	49613205	324
2	51926584	51927767	1184
2	51973823	51974240	418
2	52749686	52785270	35585
2	54565493	54567473	1981
2	54693478	54693742	265
2	56083526	56083843	318
2	57342729	57343056	328
2	59623256	59631048	7793
2	65807507	65807817	311
2	66505589	66507553	1965
2	70125044	70125565	522
2	73430931	73431243	313
2	74511276	74511606	331
2	76526498	76528893	2396
2	76557056	76557290	235
2	76773553	76775452	1900
2	78117890	78118357	468
2	78748487	78748630	144
2	78785986	78786119	134
2	79057647	79057983	337
2	79076570	79081206	4637
2	82340445	82340765	321
2	82362295	82362463	169
2	84758440	84758733	294
2	85326970	85327277	308
2	85519105	85519442	338
2	85939159	85939400	242
2	88320968	88321215	248
2	88429838	88430152	315
2	88600816	88601142	327
2	89029228	89032282	3055
2	89132280	89159121	26842
2	89854093	89856578	2486
2	91751060	91759766	8707
2	97854296	97856200	1905
2	99752964	99753300	337
2	101975203	101975536	334
2	102069440	102069612	173
2	102097838	102098165	328
2	102232581	102233587	1007
2	102402119	102402267	149
2	103322483	103322818	336
2	104186867	104187290	424
2	106695077	106695894	818
2	108855418	108856281	864
2	109310553	109312109	1557
2	109689901	109695300	5400
2	109815773	109816306	534
2	111576404	111576636	233
2	113533979	113534540	562
2	114151326	114153611	2286
2	116662076	116662656	581
2	117893050	117893389	340
2	118739662	118739774	113
2	118906129	118906281	153
2	119713987	119714124	138
2	120417197	120418495	1299
2	121797805	121798399	595
2	123364878	123365376	499
2	123783289	123783518	230
2	123989134	123989464	331
2	124170256	124170586	331
2	125766560	125768247	1688
2	126443247	126451831	8585
2	126509711	126510598	888
2	127674756	127677272	2517
2	128871259	128871569	311
2	129098088	129098865	778
2	129229001	129229500	500
2	129638419	129646203	7785
2	130242244	130251408	9165
2	130954929	130957403	2475
2	132335234	132335362	129
2	132534464	132534926	463
2	133115535	133115802	268
2	133671901	133674500	2600
2	134460264	134460571	308
2	134544274	134544606	333
2	134966700	134970130	3431
2	138245288	138245632	345
2	138490120	138490492	373
2	142350998	142351323	326
2	146842402	146842549	148
2	146862619	146876862	14244
2	150626970	150627291	322
2	150759300	150759621	322
2	151031138	151038246	7109
2	151903083	151903359	277
2	152041204	152041492	289
2	152617288	152617603	316
2	152976670	152976771	102
2	154064575	154064678	104
2	154494935	154495152	218
2	155819001	155830200	11200
2	156188112	156188294	183
2	156656757	156656860	104
2	157077111	157077334	224
2	157272376	157272555	180
2	158433337	158433666	330
2	158719085	158719396	312
2	159706353	159744095	37743
2	160149117	160151648	2532
2	160855851	160856174	324
2	161795600	161795924	325
2	163666408	163666723	316
2	166267508	166267831	324
2	168895806	168896126	321
2	169395462	169395774	313
2	170105115	170111162	6048
2	170641507	170643951	2445
2	170992012	170992321	310
2	173179996	173186134	6139
2	176637486	176637816	331
2	177265641	177272040	6400
2	178287637	178288061	425
2	182355971	182356286	316
2	182565240	182565568	329
2	182856914	182857597	684
2	184085521	184090946	5426
2	184249966	184250309	344
2	187437114	187437308	195
2	188215718	188216025	308
2	191248502	191248804	303
2	193355404	193355708	305
2	194689501	194698765	9265
2	195477627	195477734	108
2	196031309	196031614	306
2	196051814	196052084	271
2	196214814	196215226	413
2	197614616	197614948	333
2	200312455	200312679	225
2	204181662	204191733	10072
2	206731182	206731505	324
2	207987619	207987807	189
2	208351101	208359400	8300
2	208474482	208476784	2303
2	208567224	208567529	306
2	208910336	208910651	316
2	208959107	208959450	344
2	209061157	209061477	321
2	209451717	209452044	328
2	212551245	212551542	298
2	213574671	213574977	307
2	214507330	214507569	240
2	214775204	214775511	308
2	215728761	215730831	2071
2	215749625	215749807	183
2	217089930	217092498	2569
2	217092786	217093111	326
2	217158308	217158727	420
2	217955891	217957266	1376
2	220052323	220052913	591
2	220053153	220056233	3081
2	221345932	221346260	329
2	221882974	221883170	197
2	223481690	223481979	290
2	223760178	223762671	2494
2	223797358	223797675	318
2	226039583	226040060	478
2	227681548	227681718	171
2	231325294	231325637	344
2	231996176	231996500	325
2	233332718	233333480	763
2	233668371	233668676	306
2	233860014	233860328	315
2	236010926	236011112	187
2	236094668	236094997	330
2	238453165	238453806	642
2	239409371	239409697	327
2	239902389	239902561	173
2	240564801	240565136	336
2	240838101	240838857	757
2	240958939	240959261	323
2	242932015	242932565	551
2	242945467	242945912	446
20	1389143	1390814	1672
20	1561041	1594176	33136
20	2359903	2360608	706
20	2803147	2806409	3263
20	2864001	2864323	323
20	3021755	3022052	298
20	3037866	3038182	317
20	5058105	5058234	130
20	5942987	5943316	330
20	6150945	6151277	333
20	7274336	7274649	314
20	8413997	8414456	460
20	11517265	11517588	324
20	14529068	14529381	314
20	17103451	17103798	348
20	18027993	18028334	342
20	18241713	18242966	1254
20	19170061	19170377	317
20	21849902	21850189	288
20	23103192	23103632	441
20	24903697	24904415	719
20	25583101	25583602	502
20	26092751	26094315	1565
20	26260589	26261800	1212
20	26297587	26302710	5124
20	29434800	29434957	158
20	30899227	30899532	306
20	31310867	31312778	1912
20	31525486	31529389	3904
20	32815928	32819225	3298
20	33115811	33116144	334
20	33621655	33621977	323
20	35815609	35815921	313
20	37055110	37055810	701
20	38337632	38337769	138
20	41791262	41791447	186
20	42024594	42025792	1199
20	42271864	42274588	2725
20	42481268	42483782	2515
20	42676125	42676524	400
20	44359412	44359524	113
20	44535347	44535783	437
20	50492112	50492471	360
20	50759190	50760928	1739
20	52480227	52480328	102
20	52647064	52658002	10939
20	52866237	52867342	1106
20	53292651	53292965	315
20	54434610	54440616	6007
20	56079271	56080600	1330
20	59974166	59974487	322
20	60526288	60526593	306
20	60570624	60570943	320
20	61304250	61305139	890
20	61724698	61725597	900
20	62267524	62268029	506
20	62596201	62597700	1500
21	10086145	10086484	340
21	10492878	10493042	165
21	10742374	10743287	914
21	11036169	11036736	568
21	15460780	15461864	1085
21	18612329	18613633	1305
21	19914052	19914393	342
21	24374745	24375420	676
21	24828945	24829264	320
21	25710185	25710604	420
21	26825131	26825398	268
21	30263601	30264300	700
21	30552224	30552578	355
21	30601816	30602156	341
21	32916623	32916731	109
21	33843193	33843760	568
21	37002846	37002966	121
21	37014963	37015168	206
21	37676110	37676344	235
21	39590526	39590872	347
21	39863887	39863992	106
21	39900346	39900670	325
21	41586865	41587190	326
21	41957248	41957367	120
21	42402882	42403203	322
21	43226801	43227328	528
21	43350116	43353485	3370
21	44970364	44973300	2937
21	45789301	45789900	600
21	45850285	45850611	327
21	46401889	46402343	455
21	47388021	47389724	1704
21	47467343	47467914	572
21	47779114	47779648	535
22	17770350	17779108	8759
22	18047360	18047718	359
22	18057750	18060457	2708
22	18099516	18099826	311
22	19099930	19100625	696
22	20950622	20953839	3218
22	23478401	23479700	1300
22	24195933	24198505	2573
22	24274142	24311297	37156
22	25654032	26003638	349607
22	26891514	26891650	137
22	27168066	27169792	1727
22	27375675	27375778	104
22	30163536	30165665	2130
22	31776416	31780625	4210
22	33295758	33296076	319
22	34069804	34069925	122
22	35645164	35646139	976
22	36087465	36094977	7513
22	37127073	37127245	173
22	37143169	37147895	4727
22	39607652	39607972	321
22	40794201	40795225	1025
22	42140478	42140800	323
22	42519214	42531371	12158
22	42905361	42967455	62095
22	43101446	43102198	753
22	43549325	43549652	328
22	45252433	45253099	667
22	45875016	45875350	335
22	45964285	45964700	416
22	48893172	48894200	1029
22	49077626	49077902	277
22	49622511	49624297	1787
22	49863269	49863484	216
3	228771	234404	5634
3	982597	982931	335
3	2311586	2311934	349
3	2633026	2633347	322
3	3873204	3873533	330
3	4066924	4069555	2632
3	6430248	6430631	384
3	6650160	6654637	4478
3	6700870	6701253	384
3	7347024	7347322	299
3	8325638	8326811	1174
3	8720160	8721100	941
3	10115147	11933356	1818210
3	11108284	11111883	3600
3	11955899	12913456	957558
3	13141433	13142582	1150
3	16239408	16241209	1802
3	17190160	17190282	123
3	17731682	17732007	326
3	18729953	18730778	826
3	21457497	21457820	324
3	21723705	21725857	2153
3	22092347	22097795	5449
3	23764057	23764387	331
3	24090786	24091042	257
3	24819510	24819835	326
3	25030887	25032249	1363
3	26123847	26123975	129
3	26450969	26452298	1330
3	26786705	26787025	321
3	32102050	32107883	5834
3	32806757	32808000	1244
3	33300939	33301247	309
3	33553189	33554075	887
3	33822680	33822812	133
3	35051657	35051985	329
3	36108120	36108438	319
3	41336680	41337229	550
3	42838356	42840810	2455
3	43031092	43031420	329
3	45609886	45610302	417
3	45768351	45768676	326
3	46045872	46046129	258
3	47019993	47020112	120
3	47490667	47493440	2774
3	49494276	49494605	330
3	56604699	56604955	257
3	57003270	57003433	164
3	61475048	61475371	324
3	63256546	63256653	108
3	65188869	65214748	25880
3	67493695	67496799	3105
3	68634770	68640253	5484
3	68739682	68747858	8177
3	70415105	70415440	336
3	71242337	71242638	302
3	73063077	73063554	478
3	74765412	74765735	324
3	75435435	75435564	130
3	78779418	78779718	301
3	80925311	80926604	1294
3	81346065	81346380	316
3	81907492	81907812	321
3	82936656	82936957	302
3	82957253	82957618	366
3	83853115	83855349	2235
3	89509964	89516006	6043
3	90460264	90461779	1516
3	95116192	95116522	331
3	95465768	95470804	5037
3	98410626	98414800	4175
3	98899063	98902432	3370
3	98943803	98949515	5713
3	99037445	99037757	313
3	99628782	99629631	850
3	99785350	99785656	307
3	100521629	100522507	879
3	101188369	101188692	324
3	102283774	102284112	339
3	102810349	102810663	315
3	103547912	103548231	320
3	104278199	104279046	848
3	106735977	106736232	256
3	106813625	106813789	165
3	110256974	110257256	283
3	111243621	111249000	5380
3	112467382	112467712	331
3	113854021	113854347	327
3	114466474	114466798	325
3	116275271	116275595	325
3	118281604	118281828	225
3	119893983	119894443	461
3	122138442	122138768	327
3	123197583	123197900	318
3	123236746	123237061	316
3	124890049	124890819	771
3	124936295	124937163	869
3	126358922	126359249	328
3	129184467	129184777	311
3	129763380	129806745	43366
3	129912683	129912999	317
3	130132024	130132904	881
3	131677802	131678143	342
3	131708253	131713384	5132
3	133503766	133505082	1317
3	134673902	134674555	654
3	136021013	136026199	5187
3	137314454	137316442	1989
3	137769501	137769900	400
3	141384501	141385100	600
3	144517870	144518444	575
3	144888449	144888910	462
3	145146461	145147300	840
3	145931898	145932210	313
3	146385188	146394861	9674
3	148281434	148285419	3986
3	148566792	148567110	319
3	148729872	148730104	233
3	148844372	148844700	329
3	149878068	149878375	308
3	152311723	152313155	1433
3	154096733	154097053	321
3	155410957	155411282	326
3	156092201	156093700	1500
3	158116901	158117244	344
3	158350739	158351911	1173
3	159257021	159257690	670
3	159461351	159463432	2082
3	161246712	161247047	336
3	161635511	161635691	181
3	162408296	162408612	317
3	162448965	162449835	871
3	162512201	162626335	114135
3	162717306	162723554	6249
3	162764901	162769084	4184
3	168738454	168738835	382
3	170119564	170119877	314
3	172400896	172401217	322
3	177294509	177297473	2965
3	177381315	177385413	4099
3	178550130	178550871	742
3	179398609	179398798	190
3	179445587	179445900	314
3	179654339	179654804	466
3	180091669	180092914	1246
3	180918063	180918791	729
3	183876815	183877403	589
3	184125372	184125568	197
3	184335001	184335400	400
3	185017328	185017653	326
3	185628780	185709257	80478
3	186581015	186585284	4270
3	187732901	187734800	1900
3	188304831	188305164	334
3	189575894	189576216	323
3	189737344	189740524	3181
3	189955408	189955709	302
3	190290639	190290936	298
3	190478458	190478634	177
3	190669807	190670179	373
3	191856085	191856423	339
3	192063181	192063491	311
3	192875329	192885405	10077
3	194384101	194384500	400
3	194398701	194400300	1600
3	194543290	194546256	2967
3	194555650	194556280	631
3	194614723	194615039	317
3	194830595	194831521	927
3	195569216	195569932	717
3	196055918	196056846	929
3	196934573	196939255	4683
4	46837	47231	395
4	64513	67887	3375
4	85978	367142	281165
4	401039	401369	331
4	752269	753746	1478
4	1366517	1366649	133
4	1602956	1603669	714
4	2397848	2398502	655
4	2550350	2551291	942
4	6651589	6652910	1322
4	6894837	6896047	1211
4	6897349	6900398	3050
4	7524423	7524667	245
4	7567561	7567917	357
4	9576977	9577448	472
4	9952290	9952540	251
4	9956821	9957139	319
4	10136200	10136700	501
4	10211260	10234567	23308
4	10392430	10402181	9752
4	17202756	17203066	311
4	21160986	21167097	6112
4	21292928	21293047	120
4	21694730	21694850	121
4	25241049	25241190	142
4	28421590	28421940	351
4	29661109	29661437	329
4	30057530	30057892	363
4	31205815	31206134	320
4	31338487	31338686	200
4	31406677	31407004	328
4	31492863	31493299	437
4	32065872	32074510	8639
4	32540600	32540915	316
4	34779885	34828943	49059
4	36469904	36470237	334
4	36842746	36843089	344
4	39031076	39031358	283
4	40024915	40026281	1367
4	41445194	41445294	101
4	42023935	42024119	185
4	43931495	43931836	342
4	44507275	44507729	455
4	44509377	44509695	319
4	44971996	44972168	173
4	46055990	46058195	2206
4	47978298	47978360	63
4	48661401	48661936	536
4	49141003	49143432	2430
4	49282206	49297600	15395
4	54005539	54005703	165
4	55808674	55808918	245
4	55998554	55998888	335
4	57501858	57501984	127
4	58087336	58087734	399
4	58148016	58148342	327
4	59944559	59950601	6043
4	60589089	60589207	119
4	61330106	61333186	3081
4	61569228	61569558	331
4	61939189	61942243	3055
4	64783584	64784554	971
4	65719101	65719550	450
4	66641109	66641420	312
4	67122068	67123491	1424
4	69036892	69037213	322
4	69373801	69542064	168264
4	69597937	69598290	354
4	69790855	69791175	321
4	69959841	69960165	325
4	72785700	72786024	325
4	72829626	72829955	330
4	73831248	73831820	573
4	79269120	79275195	6076
4	80205728	80206056	329
4	80888046	80894091	6046
4	81302526	81302865	340
4	81991515	81991836	322
4	82674875	82675472	598
4	84221708	84221993	286
4	86310519	86310830	312
4	86660755	86661077	323
4	86976374	86979951	3578
4	87066353	87066535	183
4	88032137	88032469	333
4	88268243	88274298	6056
4	88291872	88292203	332
4	88775635	88775952	318
4	89037668	89038004	337
4	89681460	89681782	323
4	91596769	91602908	6140
4	91931556	91935836	4281
4	92161475	92162724	1250
4	95498964	95499280	317
4	95870448	95870766	319
4	97572102	97572421	320
4	98110644	98110970	327
4	98133375	98133689	315
4	98181261	98181582	322
4	100023042	100023377	336
4	100070288	100070604	317
4	101244846	101245110	265
4	101390634	101390812	179
4	102787786	102788351	566
4	103329401	103332190	2790
4	103873101	103875607	2507
4	104894046	104894680	635
4	107419501	107420025	525
4	107604296	107609253	4958
4	107974329	107974487	159
4	108127808	108131714	3907
4	108276696	108279504	2809
4	110498740	110499065	326
4	111383200	111383532	333
4	111516319	111516509	191
4	111808750	111809059	310
4	113469974	113470281	308
4	113985901	113986400	500
4	114135092	114135577	486
4	115624597	115624870	274
4	115743887	115744132	246
4	115928719	115931873	3155
4	117251478	117251795	318
4	117367795	117368488	694
4	117420629	117420908	280
4	119296342	119296678	337
4	120017235	120017555	321
4	120244558	120244903	346
4	120780798	120781067	270
4	121087087	121087292	206
4	121808929	121809246	318
4	123242570	123242695	126
4	125867361	125867690	330
4	127253758	127253870	113
4	130407553	130407671	119
4	131611192	131611360	169
4	131694825	131695074	250
4	132671054	132684800	13747
4	133114039	133114358	320
4	133445431	133445701	271
4	133619876	133620182	307
4	133819597	133819920	324
4	134132401	134133200	800
4	134141602	134141911	310
4	139468849	139473254	4406
4	139948014	139948333	320
4	145316445	145319905	3461
4	150161039	150161381	343
4	150951027	150951349	323
4	152340705	152341552	848
4	157002032	157002343	312
4	160453029	160534473	81445
4	161879029	161884943	5915
4	162053285	162053700	416
4	163394003	163396420	2418
4	164501940	164502253	314
4	164658298	164659132	835
4	165823217	165823329	113
4	166002617	166005055	2439
4	167004316	167004919	604
4	167108087	167108429	343
4	167412029	167412139	111
4	167677036	167683071	6036
4	167892551	167893740	1190
4	170151075	170151210	136
4	170278460	170278881	422
4	170808437	170808717	281
4	171549651	171549983	333
4	172988639	172992931	4293
4	173425032	173433520	8489
4	177869318	177869634	317
4	178156827	178157156	330
4	178514244	178514563	320
4	179956841	179957160	320
4	180063817	180064160	344
4	180097876	180098507	632
4	181317271	181317454	184
4	181549428	181549742	315
4	181876786	181878288	1503
4	182056559	182057129	571
4	184303686	184304009	324
4	184474274	184474769	496
4	184563398	184563600	203
4	185665771	185666089	319
4	185883550	185883658	109
4	186155540	186155851	312
4	186198865	186199184	320
4	186441635	186444073	2439
4	187213954	187214737	784
4	187353480	187357180	3701
4	187795697	187796017	321
4	187987801	187988715	915
4	188959366	188959488	123
4	189315626	189316487	862
4	189793239	189793558	320
4	189795301	189795900	600
4	189969676	189970030	355
4	190057998	190064272	6275
4	190105401	190106500	1100
4	190253838	190254160	323
4	190285267	190285424	158
4	190291418	190291737	320
4	190741474	190741816	343
5	175873	176394	522
5	481997	482152	156
5	487001	487700	700
5	682492	844274	161783
5	836145	837050	906
5	1061168	1061648	481
5	1170374	1170858	485
5	1178293	1180732	2440
5	1238570	1238757	188
5	1627139	1628837	1699
5	1682463	1682775	313
5	1769273	1769338	66
5	1924590	1925202	613
5	1951012	1951455	444
5	1968395	1971583	3189
5	2769423	2769640	218
5	3141443	3141543	101
5	3499261	3499582	322
5	3502313	3502641	329
5	3638054	3639340	1287
5	7221928	7222248	321
5	9400610	9400880	271
5	9411760	9412074	315
5	9990098	9990311	214
5	10574965	10575301	337
5	10756180	10756515	336
5	11339025	11339349	325
5	12426039	12426700	662
5	12811017	12820523	9507
5	13416591	13422853	6263
5	13855300	13855615	316
5	13895054	13895374	321
5	16124810	16125491	682
5	19375273	19376397	1125
5	20990983	20991181	199
5	21450169	21452462	2294
5	23902994	23905230	2237
5	24091607	24091932	326
5	24370527	24373436	2910
5	24452839	24453161	323
5	25275395	25275720	326
5	25314611	25314948	338
5	25316197	25316504	308
5	25777306	25777630	325
5	26111186	26111512	327
5	26796698	26801896	5199
5	27524884	27526215	1332
5	28813576	28813829	254
5	31677424	31677745	322
5	33200859	33201171	313
5	33355563	33355894	332
5	34304789	34307904	3116
5	35191134	35191471	338
5	35614173	35614486	314
5	36486028	36486301	274
5	39374343	39374477	135
5	42165928	42167769	1842
5	43665766	43824421	158656
5	44125522	44125712	191
5	46270652	46275836	5185
5	52231771	52232104	334
5	53176928	53177233	306
5	54081758	54081907	150
5	57323476	57333778	10303
5	57679992	57686101	6110
5	57923170	57923343	174
5	60001704	60003665	1962
5	61293626	61293952	327
5	62704438	62704761	324
5	63698343	63701356	3014
5	64286054	64286391	338
5	65028083	65030380	2298
5	65346041	65346371	331
5	68724016	68724486	471
5	71916548	71916852	305
5	73648985	73649303	319
5	75435663	75435781	119
5	77048345	77048681	337
5	77062308	77062618	311
5	77105218	77105548	331
5	77574166	77574456	291
5	77880804	77881127	324
5	78109799	78111870	2072
5	78276748	78277072	325
5	78277726	78278045	320
5	79013702	79014009	308
5	79557188	79557502	315
5	80039371	80039680	310
5	81008164	81008437	274
5	81182479	81182821	343
5	82482756	82483062	307
5	83614991	83615339	349
5	86115337	86117858	2522
5	86246002	86247137	1136
5	87328660	87328807	148
5	88032012	88032342	331
5	88043138	88043466	329
5	88606301	88607069	769
5	89860421	89860742	322
5	90499772	90502095	2324
5	90574693	90574986	294
5	91480774	91481128	355
5	93916283	93916620	338
5	94109625	94109954	330
5	95343311	95343665	355
5	95909715	95910061	347
5	95966535	95967361	827
5	97401561	97402760	1200
5	98345101	98347482	2382
5	98839889	98842906	3018
5	99174314	99174628	315
5	99400879	99401586	708
5	99400879	99715069	314191
5	99608147	99608459	313
5	99759460	99759778	319
5	99923533	99923838	306
5	102163354	102163607	254
5	103030554	103030879	326
5	103854274	103860326	6053
5	104432113	104503672	71560
5	110694942	110695264	323
5	112477827	112478366	540
5	112881416	112881736	321
5	114393663	114393930	268
5	114731312	114731630	319
5	114756498	114757889	1392
5	115130457	115130806	350
5	115238687	115249056	10370
5	115894136	115894457	322
5	116428182	116428500	319
5	117381738	117382089	352
5	117387098	117393883	6786
5	117868222	117868534	313
5	119015144	119015464	321
5	119380146	119382680	2535
5	120313018	120313333	316
5	120727436	120727559	124
5	121059231	121060010	780
5	122274354	122274677	324
5	124717345	124717667	323
5	125496694	125498752	2059
5	125841117	125841327	211
5	126458377	126458815	439
5	126942332	126942659	328
5	127172330	127173280	951
5	127336000	127336929	930
5	128378681	128378992	312
5	135115174	135120712	5539
5	136854675	136856391	1717
5	137022562	137023886	1325
5	137807485	137816901	9417
5	138734450	138734744	295
5	141011811	141579556	567746
5	142935366	142935678	313
5	143080256	143080458	203
5	143353634	143353809	176
5	143512867	143515047	2181
5	144473258	144473640	383
5	144871904	144872805	902
5	147462155	147462471	317
5	149463927	149464030	104
5	149746191	149746517	327
5	150857851	150860621	2771
5	151760910	151761223	314
5	155311783	155312574	792
5	158592397	158592742	346
5	159742556	159742662	107
5	160431305	160431636	332
5	164366297	164366607	311
5	166150748	166151068	321
5	166294129	166294321	193
5	166402762	166403630	869
5	166885257	166885410	154
5	168742523	168742757	235
5	171514606	171514931	326
5	172889713	172890046	334
5	176387579	176390180	2602
5	177821922	177823795	1874
5	177952096	177952700	605
5	178109061	178113411	4351
5	179120333	179120467	135
5	179617427	179617605	179
6	666376	667821	1446
6	857169	857562	394
6	1682791	1683102	312
6	4050241	4050560	320
6	5037249	5039186	1938
6	5135184	5135748	565
6	5898447	5898875	429
6	6277340	6277602	263
6	6932593	6932729	137
6	7717367	7717702	336
6	9014816	9014924	109
6	9075287	9075608	322
6	9146301	9146880	580
6	9460377	9460714	338
6	10070792	10071105	314
6	10264422	10265264	843
6	11444339	11444651	313
6	11556091	11556411	321
6	11616273	11616404	132
6	11903436	11903748	313
6	13882549	13883852	1304
6	14745285	14745697	413
6	17472269	17472582	314
6	18402087	18402867	781
6	19155631	19155966	336
6	19423614	19423852	239
6	20765366	20765686	321
6	22227472	22227754	283
6	23300360	23300682	323
6	23743259	23745945	2687
6	24811875	24817950	6076
6	28190195	28190532	338
6	29332277	29332595	319
6	29650419	29651085	667
6	29685469	29688080	2612
6	29899768	29901526	1759
6	31211616	31213116	1501
6	31249845	31329606	79762
6	31421497	31424386	2890
6	32313768	32314091	324
6	32413708	32553780	140073
6	32561955	32564608	2654
6	32593702	32594016	315
6	32609018	32729026	120009
6	32749230	32749541	312
6	32778679	32779820	1142
6	33093407	33093738	332
6	33583197	33585844	2648
6	33937829	33942697	4869
6	38922187	38922502	316
6	41404060	41404383	324
6	41953350	41953665	316
6	45967458	45967785	328
6	48930945	48938533	7589
6	50765956	50766267	312
6	51517349	51517675	327
6	51736109	51736804	696
6	51739562	51745600	6039
6	53924803	53934828	10026
6	54556435	54556770	336
6	54864363	54864690	328
6	55341738	55342333	596
6	55825957	55846712	20756
6	57284911	57289356	4446
6	57381864	57382098	235
6	57618680	57618879	200
6	57623160	57628131	4972
6	58423849	58428864	5016
6	62053977	62054298	322
6	64667007	64668346	1340
6	65185152	65185466	315
6	66260027	66262021	1995
6	66274841	66275165	325
6	66595036	66595830	795
6	67008728	67048916	40189
6	68101531	68112166	10636
6	68223038	68223313	276
6	72571428	72571749	322
6	72863851	72873540	9690
6	73152037	73152154	118
6	74156152	74156477	326
6	74421253	74421559	307
6	74613569	74620396	6828
6	74832503	74833459	957
6	74865448	74866619	1172
6	74932722	74933073	352
6	75957783	75958102	320
6	76053694	76053815	122
6	77097492	77102641	5150
6	77920099	77920410	312
6	78967201	79036500	69300
6	85318143	85324220	6078
6	86026352	86026667	316
6	87012222	87013632	1411
6	88118173	88118306	134
6	89424152	89424460	309
6	91237575	91237896	322
6	92807994	92808320	327
6	94657363	94657530	168
6	96580133	96580235	103
6	96852801	96853400	600
6	97505041	97505357	317
6	100034501	100035321	821
6	101934559	101939029	4471
6	102008535	102008591	57
6	103737464	103762889	25426
6	103939866	103943220	3355
6	104183184	104183509	326
6	105260826	105263757	2932
6	105567837	105568172	336
6	106983622	106983941	320
6	107124521	107124834	314
6	108031342	108032402	1061
6	108266112	108266415	304
6	108614097	108615000	904
6	115624535	115624852	318
6	116750813	116751132	320
6	117780555	117780657	103
6	119417503	119417831	329
6	121179099	121179243	145
6	121319292	121319616	325
6	122301643	122301962	320
6	123515058	123515373	316
6	124498906	124499229	324
6	126468007	126468244	238
6	128827777	128829589	1813
6	128976347	128976564	218
6	128989816	128990150	335
6	129319515	129325574	6060
6	130959394	130959714	321
6	131418002	131418987	986
6	132106601	132108785	2185
6	132114223	132118543	4321
6	132375175	132378901	3727
6	132697628	132697951	324
6	133371487	133371831	345
6	134268976	134269724	749
6	134817345	134817662	318
6	136235615	136235925	311
6	137313693	137314186	494
6	140952890	140953178	289
6	141325707	141326033	327
6	141548624	141550030	1407
6	149498900	149499182	283
6	149632778	149632944	167
6	150302658	150302804	147
6	151485864	151486937	1074
6	153029971	153033789	3819
6	154446915	154447237	323
6	154686517	154686793	277
6	157699903	157703269	3367
6	157957840	157958147	308
6	158108130	158108316	187
6	158548266	158549066	801
6	158876076	158876404	329
6	158992408	158992610	203
6	159652109	159652422	314
6	159666761	159667084	324
6	161684136	161684238	103
6	162112863	162113092	230
6	163434415	163434568	154
6	164014898	164015201	304
6	164250807	164250915	109
6	165724666	165732132	7467
6	167488070	167489576	1507
6	167663321	167822042	158722
6	168059212	168059536	325
6	168717139	168718747	1609
6	169223101	169223431	331
6	170379992	170381500	1509
6	170768061	170768595	535
7	224252	225975	1724
7	515301	515640	340
7	522847	523181	335
7	1185064	1187654	2591
7	1856043	1863576	7534
7	5842824	5843106	283
7	6742201	6742508	308
7	7593229	7593366	138
7	8698628	8698846	219
7	9634634	9635977	1344
7	9647960	9648091	132
7	10504299	10506133	1835
7	10834757	10834879	123
7	12024230	12024499	270
7	13022101	13028550	6450
7	13663189	13663455	267
7	14449040	14449361	322
7	14451264	14451430	167
7	14910419	14910737	319
7	15229698	15229858	161
7	15885449	15885866	418
7	16936287	16936626	340
7	21587706	21587827	122
7	22202731	22202839	109
7	22434800	22436760	1961
7	24038161	24040070	1910
7	24258087	24258483	397
7	24677925	24678248	324
7	25044601	25044930	330
7	25057444	25059853	2410
7	26136998	26145495	8498
7	27783375	27783723	349
7	28574301	28575106	806
7	28596642	28596859	218
7	29688451	29690143	1693
7	31315527	31318953	3427
7	31523779	31525289	1511
7	32390151	32393112	2962
7	32774804	32777700	2897
7	33403531	33403859	329
7	33708273	33708407	135
7	33898841	33899172	332
7	36441168	36441942	775
7	36526410	36526608	199
7	37477277	37477604	328
7	37998507	37998822	316
7	38508459	38508787	329
7	38513006	38513343	338
7	39820097	39825201	5105
7	42549700	42550022	323
7	42604622	42604964	343
7	44962392	44962718	327
7	46366468	46366789	322
7	49552065	49552383	319
7	49719838	49725897	6060
7	51594312	51598689	4378
7	52094962	52095275	314
7	52107107	52107424	318
7	52520171	52520373	203
7	54668973	54669539	567
7	55286743	55289061	2319
7	55409861	55410106	246
7	55971770	55972134	365
7	56217740	56220248	2509
7	56761980	56769947	7968
7	57568822	57569161	340
7	57957715	57959407	1693
7	62002291	62004866	2576
7	64315807	64318058	2252
7	64544422	65238752	694331
7	65316601	65317200	600
7	65857534	65860200	2667
7	66697485	66699291	1807
7	67131795	67132145	351
7	68129065	68129198	134
7	68462070	68462389	320
7	70447620	70448009	390
7	71211898	71212955	1058
7	72270262	72275842	5581
7	73190196	73190548	353
7	73549758	73550966	1209
7	73784001	73784500	500
7	73828501	73831315	2815
7	76870542	76870796	255
7	78357840	78358180	341
7	79742076	79742408	333
7	80801689	80802025	337
7	81358337	81358611	275
7	81441501	81442507	1007
7	82946462	82946780	319
7	83050171	83051196	1026
7	83709861	83710187	327
7	83750943	83751254	312
7	86836614	86836923	310
7	88069044	88069245	202
7	88091299	88091749	451
7	89554101	89554600	500
7	89598872	89599188	317
7	89810407	89812599	2193
7	90022137	90022454	318
7	90583932	90584239	308
7	93416927	93422991	6065
7	93541816	93542539	724
7	95386253	95386584	332
7	96067512	96067827	316
7	96475886	96481994	6109
7	96522743	96523071	329
7	96543301	96546600	3300
7	97496333	97496665	333
7	101001251	101005488	4238
7	101334195	101334515	321
7	102488704	102489043	340
7	103463066	103463388	323
7	103856434	103856752	319
7	103874937	103875244	308
7	104129515	104129796	282
7	104187384	104187715	332
7	104590132	104590236	105
7	107683983	107684126	144
7	108352846	108353171	326
7	108501444	108501545	102
7	108884718	108884847	130
7	110181965	110188432	6468
7	113416161	113422207	6047
7	113953501	113953813	313
7	116842003	116842314	312
7	117893950	117894252	303
7	118343800	118344155	356
7	120881096	120881434	339
7	121083501	121083900	400
7	123636941	123637287	347
7	125265095	125265426	332
7	126045886	126051447	5562
7	127214969	127217981	3013
7	127620154	127620472	319
7	127766414	127766728	315
7	128309210	128309528	319
7	128552688	128553627	940
7	133107672	133108004	333
7	138296443	138297215	773
7	138300258	138300497	240
7	138742268	138742585	318
7	139109587	139109952	366
7	140181729	140190289	8561
7	141113863	141114182	320
7	141491710	141491898	189
7	141759798	141794700	34903
7	142360546	142362013	1468
7	143908655	143910395	1741
7	144034781	144036521	1741
7	144361181	144361503	323
7	144382749	144382897	149
7	146883956	146884169	214
7	148062801	148063300	500
7	148072863	148076323	3461
7	148818174	148818486	313
7	150463049	150463390	342
7	151057981	151058125	145
7	151230197	151231843	1647
7	152281692	152284305	2614
7	153310127	153310817	691
7	154153811	154155070	1260
7	154448621	154449500	880
7	154932101	154932500	400
7	154941915	154942244	330
7	155726663	155727385	723
7	157880654	157882877	2224
7	158029474	158030448	975
7	158046601	158047320	720
7	158068917	158069123	207
7	158087889	158088300	412
7	158998801	158999659	859
8	453771	453984	214
8	594400	599414	5015
8	2122082	2122346	265
8	2215303	2215912	610
8	2778563	2778787	225
8	3485768	3485889	122
8	4122901	4125000	2100
8	4222049	4222389	341
8	4941223	4941520	298
8	5748176	5748505	330
8	6587829	6588150	322
8	6790871	6791193	323
8	6991662	6995402	3741
8	8386030	8386944	915
8	11245558	11247207	1650
8	12427810	12432835	5026
8	13594464	13594628	165
8	13778059	13778385	327
8	15001266	15001586	321
8	16546748	16546848	101
8	18454611	18455944	1334
8	18651451	18652425	975
8	19055258	19055530	273
8	19980262	19980577	316
8	24972432	24990943	18512
8	25066678	25070652	3975
8	26879406	26880929	1524
8	28819921	28820038	118
8	30072448	30072624	177
8	30392277	30392581	305
8	30604001	30605600	1600
8	30808505	30808785	281
8	31571241	31571594	354
8	32680005	32691261	11257
8	37050879	37051853	975
8	38953603	38953881	279
8	39232074	39387228	155155
8	39737280	39737510	231
8	39765314	39765646	333
8	39885685	39890854	5170
8	40469734	40470383	650
8	40774622	40779778	5157
8	41279328	41279651	324
8	42185315	42185627	313
8	42190431	42194394	3964
8	46991581	46992433	853
8	47381307	47381640	334
8	47405845	47407910	2066
8	47880230	47880351	122
8	49093385	49093978	594
8	50009190	50009334	145
8	52023761	52024035	275
8	52060995	52061306	312
8	52737961	52738284	324
8	56107697	56108054	358
8	56401202	56401518	317
8	56676277	56676407	131
8	56967316	56967469	154
8	57300204	57300320	117
8	59078452	59078788	337
8	61204986	61205303	318
8	61945872	61946021	150
8	68727320	68727652	333
8	71583555	71584643	1089
8	72551405	72551739	335
8	73787765	73793823	6059
8	75362871	75366999	4129
8	75876938	75877264	327
8	77215855	77215980	126
8	77337381	77338426	1046
8	82046273	82046600	328
8	84959372	84959555	184
8	85955655	85955989	335
8	89392207	89392514	308
8	91069173	91069495	323
8	92152856	92153180	325
8	94072327	94077192	4866
8	96875225	96879590	4366
8	97098073	97098425	353
8	98595392	98595731	340
8	98783448	98783780	333
8	103994768	103996595	1828
8	104382899	104383219	321
8	106181395	106181723	329
8	106670518	106670838	321
8	107511093	107511418	326
8	107728555	107728885	331
8	108120234	108120563	330
8	110234719	110235052	334
8	110510307	110510629	323
8	112168225	112168578	354
8	112294051	112297139	3089
8	113085423	113085753	331
8	113225848	113226191	344
8	114862620	114862753	134
8	114934392	114934682	291
8	115079315	115080676	1362
8	115997805	115998366	562
8	116488216	116488545	330
8	118223529	118223809	281
8	118712788	118713119	332
8	118873784	118875600	1817
8	120154542	120161215	6674
8	121534148	121534600	453
8	121681672	121681991	320
8	121854743	121855061	319
8	126336817	126337184	368
8	126595121	126601134	6014
8	126681375	126681706	332
8	127192205	127194571	2367
8	127248960	127249282	323
8	128420254	128420388	135
8	129465153	129471266	6114
8	131850741	131852729	1989
8	132168283	132168596	314
8	133758612	133758720	109
8	134329444	134329766	323
8	135082913	135089015	6103
8	135476979	135478036	1058
8	137160195	137163898	3704
8	137716813	137717139	327
8	138742965	138743861	897
8	138860548	138860872	325
8	140475258	140475590	333
8	143494755	143495700	946
8	143958941	143996964	38024
8	144056539	144057106	568
8	144299901	144300600	700
8	144700484	144714692	14209
8	144723602	144723934	333
8	146042931	146043066	136
8	146057021	146057832	812
8	146192869	146193199	331
9	320166	322394	2229
9	3780616	3780942	327
9	4346658	4346969	312
9	4376417	4377644	1228
9	4537262	4537605	344
9	5641632	5642810	1179
9	6729119	6730106	988
9	6999377	6999684	308
9	7371803	7372116	314
9	8640847	8641662	816
9	9950428	9950758	331
9	10404561	10405091	531
9	10498740	10499050	311
9	11408594	11408846	253
9	15394880	15395196	317
9	15815306	15821940	6635
9	16389394	16389730	337
9	16664852	16664970	119
9	17277057	17277288	232
9	18286560	18286739	180
9	18751826	18752116	291
9	22496527	22504344	7818
9	22653394	22653768	375
9	22999487	22999819	333
9	23075120	23075438	319
9	23362801	23377685	14885
9	24356418	24356736	319
9	25594087	25594448	362
9	26512827	26513393	567
9	27788196	27788307	112
9	29092574	29098014	5441
9	29624691	29625012	322
9	30491283	30491594	312
9	31239842	31240052	211
9	31291355	31292672	1318
9	32315153	32315380	228
9	33050829	33051140	312
9	35803096	35803399	304
9	36362881	36364079	1199
9	36423654	36423970	317
9	38805453	38806893	1441
9	39096067	39096292	226
9	66788862	66791249	2388
9	71665323	71665557	235
9	71703145	71703465	321
9	71738120	71743354	5235
9	71777926	71778244	319
9	71804518	71804992	475
9	71895385	71896600	1216
9	73334394	73352384	17991
9	73463597	73463913	317
9	75669517	75669796	280
9	77524150	77524337	188
9	78736726	78737038	313
9	78919501	78922020	2520
9	79124512	79124828	317
9	80555477	80555900	424
9	81725761	81726082	322
9	83071656	83072065	410
9	83630437	83630750	314
9	83967917	83970683	2767
9	84324348	84326926	2579
9	85033845	85034187	343
9	87901405	87901712	308
9	89799093	89799407	315
9	90858983	90860963	1981
9	93175224	93180399	5176
9	96500160	96503042	2883
9	97292906	97293231	326
9	100761058	100761388	331
9	101309043	101311664	2622
9	101347985	101348316	332
9	104219695	104220378	684
9	104443961	104444727	767
9	104714843	104724481	9639
9	105162485	105162668	184
9	106568300	106569729	1430
9	107362885	107369090	6206
9	107400973	107401287	315
9	109024116	109024427	312
9	110033441	110035444	2004
9	110537520	110540595	3076
9	112286045	112286686	642
9	114631746	114632065	320
9	114902342	114902657	316
9	115937084	115937379	296
9	118109642	118109987	346
9	119477063	119477397	335
9	122531834	122532152	319
9	124642001	124642134	134
9	130900911	130902108	1198
9	131226842	131227200	359
9	131412056	131413976	1921
9	131694898	131695031	134
9	131700901	131702200	1300
9	132026685	132028069	1385
9	133030642	133034801	4160
9	136060715	136061032	318
9	136154300	136154429	130
9	136379210	136379552	343
9	136414101	136414425	325
9	136625194	136626267	1074
9	136692741	136693600	860
9	136761039	136761267	229
9	136863601	136864000	400
9	138214063	138217603	3541
9	138479100	138480199	1100
9	140253509	140255974	2466
9	140735658	140737400	1743
9	140773610	140777194	3585
9	140783382	140785280	1899
X	397254	397563	310
X	724400	725413	1014
X	910132	910850	719
X	938001	939000	1000
X	1390106	1390289	184
X	1412883	1413010	128
X	1433401	1433900	500
X	1527001	1529200	2200
X	1730462	1730864	403
X	1757591	1760227	2637
X	1815610	1817883	2274
X	1820597	1821500	904
X	1858513	1858845	333
X	3034383	3034626	244
X	3294916	3295541	626
X	4904707	4905022	316
X	5055343	5057499	2157
X	5570336	5570680	345
X	9698147	9698573	427
X	11725352	11731399	6048
X	12434250	12436813	2564
X	16427679	16428212	534
X	17520616	17520931	316
X	22672564	22672879	316
X	24101368	24101683	316
X	31577464	31577780	317
X	32987322	32989079	1758
X	33208579	33208903	325
X	40505174	40505498	325
X	45587559	45587866	308
X	48127600	48127762	163
X	58549101	58550100	1000
X	66103777	66103901	125
X	66333799	66333972	174
X	67123829	67130298	6470
X	69303061	69303273	213
X	70141052	70141314	263
X	71123220	71123537	318
X	75253856	75254166	311
X	76030109	76030285	177
X	77121385	77123866	2482
X	77696852	77697450	599
X	78921901	78926100	4200
X	79072216	79072510	295
X	81042499	81043079	581
X	81096639	81102690	6052
X	81982295	81988600	6306
X	85537769	85538081	313
X	85605171	85609863	4693
X	86286759	86287243	485
X	87743057	87743353	297
X	88995942	88998076	2135
X	91678133	91680093	1961
X	92125697	92125823	127
X	95050847	95051480	634
X	96006636	96006951	316
X	98103651	98103770	120
X	99510818	99512781	1964
X	108353215	108357410	4196
X	111802225	111802357	133
X	112788553	112788681	129
X	112877015	112877346	332
X	116454345	116454664	320
X	119643311	119643624	314
X	122185498	122185850	353
X	122951241	122952850	1610
X	122972809	122973684	876
X	126597760	126602396	4637
X	128500437	128502439	2003
X	129539798	129540128	331
X	134161502	134162053	552
X	135157982	135158313	332
X	137271183	137271406	224
X	138157986	138158176	191
X	138384894	138385220	327
X	138941963	138942285	323
X	143406969	143409968	3000
X	144422074	144424505	2432
X	145329899	145330210	312
X	145943159	145943949	791
X	146559239	146559345	107
X	147509696	147511235	1540
X	149551136	149551472	337
X	149927890	149928848	959
X	150293939	150295715	1777
X	154285298	154285727	430
X	155033277	155214079	180803
